0 0
0 83
1 1
1 84
1 121
1 146
1 164
2 2
2 121
3 3
3 121
3 122
3 140
4 4
4 84
4 122
5 5
6 6
6 100
6 123
7 7
7 106
7 123
7 124
8 8
8 106
8 111
8 123
9 9
10 10
10 95
11 11
11 106
11 125
11 138
11 152
12 12
12 85
12 95
12 125
13 13
13 119
14 14
14 119
14 126
15 15
15 119
15 158
16 16
16 93
16 126
17 17
17 93
18 18
18 93
19 19
19 101
19 113
20 20
20 101
20 139
21 21
21 82
21 98
21 101
22 22
22 98
23 23
23 98
24 24
25 25
25 114
25 139
25 141
25 153
25 163
26 26
26 127
26 139
26 141
27 27
27 114
28 28
28 115
28 143
28 155
28 165
28 194
29 29
29 114
29 143
30 30
30 128
30 143
31 31
31 105
31 117
31 129
31 166
32 32
32 105
33 33
33 83
33 105
34 34
34 83
34 94
35 35
35 94
35 102
36 36
36 94
37 37
37 91
37 128
38 38
39 39
39 103
39 112
39 116
39 128
39 154
39 156
39 159
39 167
40 40
40 91
40 104
41 41
41 92
41 103
42 42
42 104
43 43
44 44
44 92
44 108
44 130
45 45
45 92
45 130
46 46
47 47
47 102
47 131
48 48
48 102
48 107
48 132
49 49
49 108
49 132
50 50
50 107
51 51
51 111
51 161
51 168
51 180
52 52
52 107
53 53
54 54
54 100
54 110
54 111
55 55
55 82
56 56
56 84
56 100
56 110
57 57
57 95
58 58
58 85
58 108
59 59
59 85
59 109
60 60
60 91
60 109
61 61
61 99
61 131
61 133
62 62
62 131
63 63
63 103
64 64
64 99
65 65
65 127
66 66
66 109
66 126
67 67
67 115
68 68
68 82
68 113
68 118
69 69
69 113
69 134
69 158
69 169
69 178
69 188
69 212
70 70
70 134
71 71
71 134
72 72
73 73
73 135
74 74
74 117
75 75
75 117
75 136
76 76
76 136
77 77
77 116
77 136
77 144
77 147
78 78
78 96
79 79
79 112
79 116
79 144
79 145
79 187
80 80
80 96
80 124
81 81
81 112
81 124
81 140
81 145
81 170
82 82
82 118
82 168
82 181
82 195
82 87
83 83
83 171
83 182
83 190
84 84
84 146
84 151
84 172
84 213
85 85
85 120
85 160
85 173
85 197
86 86
86 99
86 159
87 87
87 118
88 88
88 164
88 174
89 89
89 129
90 90
90 96
90 138
90 158
90 175
91 91
91 104
91 115
91 154
91 155
91 176
92 92
92 133
92 177
93 93
93 127
93 178
93 193
93 220
94 94
94 179
94 189
95 95
95 125
95 173
95 180
95 183
96 96
96 144
96 152
96 175
96 203
97 97
97 122
97 140
98 98
98 153
98 184
98 195
99 99
99 150
99 170
99 221
100 100
100 110
100 172
100 186
101 101
101 181
101 209
101 264
102 102
102 148
102 157
102 163
102 179
102 198
102 214
103 103
103 133
103 159
103 162
103 200
104 104
104 120
104 154
104 162
104 176
105 105
105 129
105 149
105 182
106 106
106 183
106 192
107 107
107 157
107 184
108 108
108 120
108 130
108 161
108 173
108 177
108 222
109 109
109 176
110 110
110 172
110 185
111 111
111 168
111 180
111 183
111 186
111 223
111 247
112 112
112 145
112 167
112 170
112 187
113 113
113 178
113 181
113 188
114 114
114 141
114 149
114 189
115 115
115 142
116 116
116 147
116 187
116 207
117 117
117 135
117 147
117 169
117 224
118 118
118 151
118 188
118 225
119 119
119 138
119 160
119 226
120 120
120 197
120 199
121 121
121 150
121 171
121 190
121 191
121 227
121 137
122 122
122 146
122 186
122 191
122 210
122 219
122 227
123 123
123 192
124 124
124 152
124 192
124 203
124 219
124 228
125 125
125 196
125 217
125 229
126 126
126 142
126 160
126 193
127 127
127 142
127 194
127 209
127 218
127 220
127 230
128 128
128 155
128 156
128 208
128 211
129 129
129 166
129 174
129 224
129 231
130 130
130 132
130 148
130 177
130 232
131 131
131 171
131 215
131 232
131 233
132 132
132 148
132 161
133 133
133 200
133 221
133 234
134 134
134 135
134 151
134 235
135 135
135 169
135 174
135 235
136 136
136 175
136 212
137 137
137 150
138 138
138 196
139 139
139 153
140 140
140 191
141 141
141 165
141 218
142 142
142 194
142 206
142 283
143 143
143 149
143 165
143 201
143 211
144 144
144 207
144 236
145 145
145 203
146 146
146 164
146 227
147 147
147 236
147 237
147 244
147 265
148 148
148 157
148 238
149 149
149 166
150 150
150 215
151 151
151 185
151 213
151 225
151 266
152 152
152 196
153 153
153 163
153 205
153 209
153 251
153 267
154 154
154 156
154 162
155 155
155 204
155 211
155 239
155 256
155 263
155 273
156 156
156 208
156 250
156 256
156 257
157 157
157 184
158 158
158 252
158 268
159 159
159 167
159 250
160 160
160 193
160 206
160 217
160 242
161 161
161 222
161 241
161 245
161 269
162 162
162 200
163 163
163 179
163 189
163 198
163 214
163 251
164 164
164 190
164 213
165 165
165 218
165 239
165 240
166 166
166 201
166 237
166 258
166 270
166 288
167 167
167 208
167 216
168 168
168 202
168 247
168 269
168 271
169 169
169 212
170 170
170 216
170 259
170 262
171 171
171 215
172 172
172 185
172 202
172 210
173 173
173 197
173 217
173 241
174 174
174 224
174 231
174 272
175 175
175 236
175 252
176 176
176 199
176 204
176 206
176 263
176 273
176 297
176 310
177 177
177 199
177 222
178 178
178 264
178 268
178 274
178 285
179 179
179 182
179 198
180 180
180 223
180 241
181 181
181 195
181 261
181 264
181 275
182 182
182 233
182 249
182 276
183 183
183 223
183 229
184 184
184 205
185 185
185 202
186 186
186 210
187 187
187 207
187 216
188 188
188 225
188 260
189 189
189 201
189 249
190 190
190 254
190 277
191 191
191 219
191 278
192 192
192 228
192 243
193 193
193 220
193 242
194 194
194 204
194 230
195 195
195 205
195 275
196 196
196 226
196 228
196 252
196 255
196 279
197 197
197 248
197 280
197 311
197 326
198 198
198 214
198 233
198 281
198 294
198 302
199 199
199 234
199 248
199 310
200 200
200 234
201 201
201 249
201 258
201 270
201 300
201 303
201 331
202 202
202 247
202 261
202 304
202 333
203 203
203 259
203 279
203 282
204 204
204 239
204 283
205 205
205 238
205 267
205 271
205 294
205 307
206 206
206 280
206 297
207 207
207 257
207 282
208 208
209 209
209 267
210 210
210 284
210 289
210 308
211 211
211 256
211 270
212 212
212 244
212 285
212 293
212 298
212 312
213 213
213 254
213 266
214 214
214 238
215 215
215 221
215 286
216 216
216 257
217 217
217 226
217 246
217 280
217 313
218 218
218 230
218 240
219 219
219 243
219 259
219 287
220 220
220 268
220 314
220 322
220 334
221 221
221 232
221 262
221 315
222 222
222 245
222 248
222 291
222 316
223 223
224 224
224 231
224 237
224 253
224 288
225 225
225 235
225 260
225 261
226 226
226 242
226 255
227 227
227 254
227 277
227 284
227 289
228 228
228 229
228 243
228 290
228 296
228 317
229 229
229 246
229 290
229 325
230 230
230 240
230 283
230 314
231 231
231 276
231 318
232 232
232 281
232 286
232 291
232 315
232 319
233 233
233 286
233 292
233 302
234 234
234 250
234 315
234 320
234 336
235 235
235 253
235 260
235 272
235 293
235 321
236 236
236 282
236 312
237 237
237 244
237 265
237 288
238 238
238 245
238 281
238 294
238 307
239 239
239 263
239 303
240 240
240 251
240 300
240 314
240 358
241 241
241 246
241 299
241 311
241 316
242 242
242 322
243 243
243 284
243 290
243 309
243 317
243 359
244 244
244 253
244 265
244 312
244 323
245 245
245 269
245 316
245 324
246 246
246 255
246 299
246 311
246 313
246 325
246 342
246 354
246 360
246 388
246 403
247 247
247 299
248 248
248 291
248 326
248 357
249 249
249 258
250 250
250 310
250 327
250 347
251 251
251 300
252 252
252 279
252 328
252 335
252 345
252 356
253 253
253 272
253 323
253 329
253 338
254 254
254 277
254 289
254 301
254 318
254 330
255 255
255 296
255 328
255 354
255 422
256 256
256 327
256 348
256 350
257 257
257 295
257 332
257 347
257 361
258 258
258 276
258 306
258 331
258 362
259 259
259 262
259 295
259 317
259 353
259 363
260 260
260 274
260 285
260 293
260 321
261 261
261 266
261 275
261 333
261 341
261 364
262 262
262 278
262 287
262 320
262 361
262 363
262 365
262 375
263 263
263 273
263 327
263 344
263 350
263 366
264 264
264 274
264 305
264 334
265 265
265 323
265 332
265 348
265 367
266 266
266 301
266 321
266 333
267 267
267 305
267 358
267 368
267 370
268 268
268 298
268 328
268 369
268 374
268 387
268 405
269 269
269 271
269 307
269 349
270 270
270 303
270 331
270 348
270 355
271 271
271 304
271 370
272 272
272 318
272 338
273 273
274 274
274 334
274 341
274 369
274 371
275 275
275 305
276 276
276 306
276 362
276 372
277 277
277 278
277 292
277 330
278 278
278 287
278 337
278 343
278 352
279 279
279 296
279 335
279 353
280 280
280 313
281 281
281 319
281 324
281 339
282 282
282 295
282 335
282 353
283 283
283 297
284 284
284 308
284 343
284 359
284 377
285 285
285 298
286 286
286 292
286 302
286 337
286 346
286 351
287 287
287 343
288 288
288 338
288 355
289 289
289 301
289 308
289 330
290 290
290 309
291 291
291 319
291 336
292 292
292 337
292 346
293 293
293 329
294 294
294 370
294 373
294 376
294 390
295 295
296 296
296 325
296 345
296 354
296 406
296 427
296 428
297 297
297 322
297 344
297 407
298 298
298 369
298 374
298 395
299 299
299 304
299 309
299 388
299 408
300 300
300 306
300 358
300 384
300 386
300 393
300 400
301 301
301 409
301 430
302 302
302 373
303 303
303 350
304 304
304 340
305 305
305 341
305 368
306 306
306 362
306 384
306 401
307 307
307 349
308 308
308 340
308 410
308 447
309 309
309 388
309 402
310 310
310 326
310 336
310 344
310 404
310 411
311 311
311 342
312 312
312 329
312 332
312 356
312 367
312 394
313 313
313 360
314 314
314 382
314 391
314 412
314 413
314 457
315 315
315 320
315 351
316 316
316 324
316 342
316 349
317 317
317 359
317 398
317 406
318 318
318 372
319 319
319 339
319 351
319 383
319 392
319 399
320 320
320 365
321 321
321 364
321 371
321 378
322 322
322 387
322 413
322 458
323 323
323 367
323 379
324 324
324 339
325 325
326 326
326 357
326 407
326 411
326 414
327 327
327 347
327 366
328 328
328 345
328 387
329 329
329 378
329 379
329 395
329 415
329 451
330 330
330 352
330 409
330 426
331 331
331 384
331 386
331 389
332 332
332 380
332 396
332 416
332 439
333 333
333 340
334 334
334 368
334 405
334 417
334 459
335 335
335 356
335 380
336 336
336 383
336 418
336 463
337 337
337 346
337 375
337 385
338 338
338 379
338 381
338 397
339 339
339 373
339 376
339 392
340 340
340 402
340 419
341 341
341 364
341 417
341 419
341 420
341 438
342 342
342 357
342 360
342 421
342 456
343 343
343 352
343 363
343 377
344 344
344 412
344 443
345 345
345 422
345 427
345 431
345 435
346 346
346 401
346 423
346 454
347 347
347 361
347 396
347 404
347 460
348 348
348 355
348 396
348 425
349 349
349 421
349 424
350 350
350 366
350 391
350 425
350 461
351 351
351 383
352 352
352 375
352 385
352 426
353 353
353 398
353 416
353 427
354 354
354 403
354 428
354 442
355 355
355 381
355 389
355 429
355 441
355 452
355 462
356 356
356 374
356 380
357 357
357 392
357 411
357 414
357 421
357 463
357 478
358 358
358 382
358 400
358 434
358 464
359 359
359 377
359 410
360 360
360 403
360 414
360 456
361 361
361 365
361 416
361 446
361 465
362 362
362 372
362 397
362 437
363 363
363 398
364 364
364 430
364 438
365 365
365 418
366 366
366 391
366 404
366 461
366 474
367 367
367 394
367 429
368 368
368 382
368 420
369 369
369 371
369 415
369 445
370 370
370 420
370 424
370 434
370 436
371 371
371 378
371 415
371 417
371 438
371 445
372 372
372 423
373 373
373 376
373 390
373 399
374 374
374 395
374 431
374 444
374 488
375 375
375 385
375 446
375 467
375 487
376 376
376 390
376 436
376 466
376 471
377 377
377 426
377 467
378 378
378 451
378 455
378 485
379 379
379 381
379 394
379 449
379 452
380 380
380 431
380 439
381 381
381 397
381 449
381 452
382 382
382 434
382 457
382 503
382 517
383 383
383 418
383 468
384 384
384 386
384 393
384 433
384 437
384 441
385 385
385 432
385 468
385 487
385 498
386 386
386 389
386 400
387 387
387 405
387 435
388 388
388 402
388 408
388 442
388 469
389 389
389 425
389 433
389 462
389 470
390 390
390 393
391 391
391 470
391 496
391 497
391 526
392 392
392 399
392 466
393 393
393 401
393 437
393 454
393 464
393 471
393 484
393 486
394 394
394 444
394 481
395 395
396 396
396 429
396 461
396 465
396 482
396 489
396 545
397 397
397 409
398 398
398 406
398 440
398 450
398 494
399 399
399 468
400 400
400 433
400 457
400 493
401 401
401 423
401 454
402 402
402 408
402 410
402 419
402 447
402 448
402 469
402 472
402 492
402 504
402 546
402 568
402 570
403 403
403 407
403 422
403 453
403 458
403 473
403 505
404 404
404 460
404 474
405 405
405 413
405 458
405 488
405 506
406 406
406 440
406 442
406 448
406 450
406 507
407 407
407 412
407 443
407 473
407 475
408 408
409 409
409 430
409 432
409 449
409 479
409 508
410 410
410 440
410 447
410 448
410 500
411 411
411 443
411 463
411 491
412 412
412 475
413 413
413 509
413 516
414 414
414 456
414 473
415 415
415 451
415 476
416 416
416 439
416 465
416 520
416 547
417 417
417 445
417 459
418 418
418 446
418 460
418 477
418 499
419 419
419 424
419 483
419 492
419 510
419 531
420 420
420 459
420 483
420 511
420 517
421 421
421 466
421 469
421 478
422 422
422 428
422 435
423 423
423 432
424 424
424 483
424 492
424 534
425 425
425 462
425 470
426 426
426 479
427 427
427 450
427 480
428 428
428 453
429 429
429 482
429 548
429 562
430 430
430 472
430 485
431 431
431 444
431 480
431 490
431 501
432 432
433 433
433 464
433 484
433 493
434 434
434 436
434 503
435 435
435 480
435 490
436 436
436 471
436 519
436 530
437 437
437 441
437 484
437 486
437 508
438 438
438 455
438 510
438 511
439 439
439 482
440 440
440 512
440 535
441 441
441 513
442 442
442 453
442 502
442 504
443 443
443 496
443 518
444 444
444 476
444 481
444 549
444 558
445 445
445 455
445 476
445 495
446 446
446 467
446 494
446 540
446 543
446 550
447 447
447 472
447 479
447 500
448 448
448 500
448 514
449 449
449 485
449 508
449 537
450 450
450 501
450 514
451 451
451 481
452 452
452 513
452 548
453 453
453 507
453 539
453 565
454 454
455 455
455 515
455 524
455 529
456 456
456 478
456 502
457 457
457 509
457 516
457 525
457 541
457 575
457 579
457 587
458 458
458 475
458 505
458 506
458 536
458 557
458 597
459 459
459 506
459 509
459 511
459 517
459 551
460 460
460 474
460 518
460 533
460 543
460 545
461 461
461 489
462 462
462 489
462 513
463 463
463 477
463 491
463 533
464 464
464 503
464 519
464 532
465 465
465 520
465 543
465 552
466 466
466 530
466 534
466 542
466 553
466 559
466 591
467 467
467 494
467 498
467 512
467 528
467 550
468 468
468 477
468 487
468 554
469 469
469 502
469 538
469 568
470 470
470 493
471 471
471 553
471 555
471 582
472 472
472 510
472 522
472 523
472 546
473 473
473 505
473 527
473 556
473 602
474 474
474 496
474 497
474 544
475 475
475 516
475 526
475 556
475 557
475 592
475 617
476 476
476 488
476 495
476 558
477 477
477 499
477 533
477 553
477 559
478 478
478 491
478 527
478 560
479 479
479 521
480 480
480 501
480 507
481 481
481 515
481 537
481 548
481 561
482 482
482 547
482 549
482 552
482 562
483 483
483 530
483 531
483 566
483 593
483 595
483 604
484 484
484 486
484 532
484 583
485 485
485 515
485 563
486 486
486 554
486 555
486 594
486 616
487 487
487 498
487 499
487 540
488 488
488 490
488 495
488 536
488 558
489 489
489 497
489 584
489 586
490 490
490 539
490 569
491 491
491 518
491 560
492 492
492 546
492 568
492 595
493 493
493 532
493 575
493 584
493 605
494 494
494 520
494 535
494 550
495 495
495 524
495 574
496 496
496 526
496 544
497 497
498 498
498 528
498 576
498 620
499 499
499 540
499 589
500 500
500 512
501 501
501 547
501 564
501 569
501 572
502 502
502 504
502 527
502 538
502 565
503 503
503 519
503 541
503 566
503 571
504 504
504 596
504 606
504 618
504 643
505 505
505 597
506 506
506 536
506 551
506 581
506 598
507 507
507 514
508 508
508 521
508 563
508 594
509 509
509 525
510 510
510 529
510 531
510 593
511 511
511 524
511 593
512 512
512 521
512 522
512 528
512 596
512 603
513 513
513 583
513 584
513 599
513 619
513 633
514 514
514 535
514 564
514 596
515 515
515 537
515 561
515 563
515 590
515 600
516 516
516 557
516 581
516 587
517 517
517 525
517 551
518 518
518 544
518 556
518 588
519 519
519 580
520 520
520 567
520 578
521 521
521 522
521 523
521 603
521 620
521 627
521 644
521 651
522 522
522 523
522 570
522 577
523 523
523 577
523 627
523 628
523 644
524 524
524 529
524 590
524 624
524 645
525 525
525 579
526 526
526 587
526 601
527 527
527 538
527 565
527 573
527 602
528 528
528 585
528 603
528 620
528 639
529 529
529 590
529 624
529 628
530 530
530 534
530 582
530 604
531 531
531 595
532 532
532 541
532 571
532 583
532 605
532 630
532 632
533 533
533 559
533 588
533 589
533 629
534 534
534 542
535 535
535 567
536 536
536 539
536 574
536 598
536 622
536 659
537 537
538 538
538 542
538 606
539 539
539 564
539 607
539 659
540 540
540 576
540 585
540 608
541 541
541 575
541 609
542 542
542 591
542 621
542 626
543 543
543 589
543 610
543 613
543 665
544 544
544 545
544 588
544 592
544 610
544 635
544 637
545 545
545 586
545 610
546 546
546 570
546 577
546 618
547 547
547 549
547 552
547 611
548 548
548 562
548 599
548 612
549 549
549 572
549 611
550 550
550 578
550 585
551 551
551 566
551 579
551 581
551 631
551 645
551 646
551 691
551 716
552 552
552 611
552 613
552 638
552 647
553 553
553 554
553 582
553 614
554 554
554 555
554 576
554 615
554 616
555 555
555 580
555 615
555 616
556 556
556 573
556 592
556 602
556 617
556 625
556 648
556 692
557 557
557 597
557 598
557 617
557 660
558 558
558 561
558 569
558 574
559 559
559 560
559 629
559 649
560 560
560 573
560 626
561 561
561 612
561 623
561 650
562 562
562 640
563 563
563 600
563 619
563 651
564 564
564 567
564 607
564 652
564 653
564 658
564 664
564 686
564 693
565 565
565 606
565 607
565 625
566 566
566 571
566 609
566 642
567 567
567 578
567 641
567 652
567 653
567 686
567 690
567 694
568 568
568 618
569 569
569 572
569 622
570 570
571 571
571 580
571 630
571 642
572 572
572 652
572 654
573 573
573 648
574 574
574 622
574 645
574 650
575 575
575 632
576 576
576 614
576 634
576 655
576 695
577 577
577 627
577 643
577 656
577 669
577 670
577 696
578 578
578 608
578 613
578 641
579 579
579 609
580 580
580 636
581 581
581 631
582 582
582 591
582 615
582 636
582 657
583 583
583 594
583 630
583 633
583 671
584 584
584 586
584 599
584 601
584 605
584 633
584 640
584 680
584 697
585 585
585 639
585 641
586 586
586 637
586 638
586 640
586 683
587 587
587 601
587 631
587 667
588 588
588 648
588 676
588 698
588 739
589 589
589 608
589 614
589 629
589 668
589 698
589 699
589 715
590 590
590 628
590 677
590 685
590 733
591 591
591 626
591 657
591 662
591 663
591 682
591 740
592 592
593 593
593 624
593 656
594 594
594 619
594 655
595 595
595 604
595 621
595 656
595 662
596 596
596 653
596 658
596 661
596 670
596 672
597 597
597 659
597 660
598 598
598 660
598 681
598 684
598 700
599 599
599 600
599 612
599 697
599 701
599 712
599 722
600 600
600 677
600 687
600 702
601 601
601 635
601 637
601 666
601 674
601 728
601 743
602 602
603 603
603 661
603 670
603 675
603 703
604 604
604 646
604 662
604 682
604 704
604 713
605 605
605 632
605 674
606 606
606 658
606 663
606 688
606 705
606 735
606 764
607 607
607 625
607 664
607 706
608 608
608 665
608 678
609 609
609 642
609 666
609 679
609 689
610 610
610 638
610 698
610 707
611 611
611 623
611 647
611 701
611 708
612 612
612 623
613 613
613 647
613 665
614 614
614 634
614 657
614 668
615 615
615 634
615 636
616 616
616 711
617 617
617 635
617 667
617 673
618 618
618 621
618 643
619 619
619 651
619 671
619 702
620 620
620 639
620 695
620 703
621 621
621 663
621 705
622 622
622 650
622 654
622 664
622 709
622 718
623 623
623 654
623 687
623 708
624 624
624 685
624 691
625 625
625 673
625 688
625 706
625 710
626 626
627 627
627 644
627 675
628 628
628 669
628 685
629 629
629 649
630 630
630 679
630 711
631 631
631 681
631 684
631 716
631 741
631 753
632 632
632 666
632 679
633 633
633 671
633 697
634 634
634 655
634 668
634 723
634 724
634 730
634 738
634 742
634 787
634 831
635 635
635 667
635 676
635 728
636 636
636 723
637 637
637 676
637 680
637 707
637 743
638 638
638 683
638 707
639 639
639 678
640 640
640 680
640 683
641 641
641 661
641 694
642 642
642 646
642 689
642 713
643 643
643 672
644 644
644 669
644 677
644 744
645 645
645 681
646 646
646 689
646 691
646 704
646 714
646 745
647 647
647 690
647 719
647 727
647 746
647 767
648 648
648 649
648 688
649 649
649 724
649 739
649 740
649 747
649 754
649 785
650 650
650 687
650 718
650 732
651 651
651 744
651 748
651 758
652 652
652 690
653 653
653 686
654 654
654 708
654 709
654 720
654 749
655 655
655 695
656 656
656 696
656 704
656 725
657 657
658 658
658 672
658 693
658 706
658 735
658 750
658 762
658 792
659 659
659 700
660 660
660 673
660 684
661 661
661 678
661 750
661 751
661 770
661 795
662 662
662 682
662 752
663 663
663 740
663 752
663 764
663 765
664 664
664 693
664 709
665 665
665 699
666 666
666 674
666 741
667 667
667 728
667 753
668 668
668 715
668 729
668 754
669 669
669 717
669 726
669 769
670 670
670 675
670 726
670 751
670 776
671 671
671 711
671 734
671 738
671 755
671 825
672 672
672 696
672 705
672 750
672 776
673 673
673 700
673 753
673 756
673 768
673 771
673 784
674 674
674 755
675 675
676 676
676 692
676 757
676 772
676 798
676 803
677 677
677 702
677 744
677 758
677 763
677 769
677 814
678 678
678 742
678 759
678 770
678 777
679 679
679 731
680 680
680 734
680 743
680 757
680 778
680 799
681 681
681 718
681 732
681 760
681 786
681 800
681 847
682 682
682 713
682 723
682 737
682 761
682 783
683 683
683 701
683 721
683 767
684 684
684 760
685 685
685 717
685 733
685 769
686 686
686 694
686 762
686 801
687 687
687 712
687 720
687 722
687 763
688 688
688 692
688 736
688 747
688 764
688 768
688 781
688 802
689 689
689 716
689 731
689 745
690 690
690 719
691 691
691 717
691 793
691 800
692 692
692 739
692 756
692 768
692 803
693 693
693 762
693 773
694 694
694 746
695 695
695 703
696 696
696 725
696 726
696 789
696 804
697 697
697 734
698 698
698 699
698 715
698 772
699 699
699 727
699 729
700 700
700 710
700 760
700 771
700 775
701 701
701 721
702 702
702 712
702 758
703 703
703 748
703 751
703 759
704 704
704 714
704 737
704 793
705 705
705 725
705 735
705 752
705 765
705 789
706 706
706 710
707 707
707 727
707 757
708 708
708 719
708 720
708 721
708 766
709 709
709 749
709 773
709 775
710 710
710 736
710 771
710 773
711 711
711 730
711 738
712 712
712 722
712 774
713 713
713 714
713 731
714 714
714 737
714 790
714 805
715 715
715 729
716 716
716 745
716 786
717 717
717 817
717 870
718 718
718 732
718 775
719 719
719 746
719 749
719 779
720 720
720 782
720 806
721 721
721 766
721 767
722 722
722 766
722 774
723 723
723 724
723 730
723 783
724 724
724 754
724 783
724 785
724 807
724 842
725 725
725 789
725 804
725 808
726 726
726 794
726 817
726 849
726 860
727 727
727 772
727 829
727 852
728 728
728 741
728 756
728 798
729 729
729 742
729 777
729 809
729 829
729 846
730 730
730 755
730 791
730 807
730 825
730 850
730 857
731 731
731 790
731 791
732 732
732 733
732 806
732 816
733 733
733 763
733 800
734 734
734 774
734 778
734 823
734 868
734 882
735 735
735 736
735 810
736 736
736 821
736 822
736 830
736 853
737 737
737 808
738 738
738 831
738 854
738 855
739 739
739 781
739 803
739 809
739 811
739 832
740 740
740 747
740 761
740 785
740 788
741 741
741 786
741 813
741 824
741 833
741 843
741 851
741 866
742 742
742 777
742 787
742 812
742 834
743 743
743 798
743 799
744 744
744 748
744 794
744 814
745 745
745 790
745 793
745 845
746 746
746 770
746 779
746 835
746 841
746 875
747 747
747 781
747 788
747 802
747 844
748 748
748 794
748 812
749 749
749 782
749 796
749 797
749 835
750 750
750 776
750 792
750 819
751 751
751 759
751 795
752 752
752 761
752 808
753 753
753 784
754 754
754 787
754 809
754 846
755 755
755 799
755 825
755 833
756 756
756 784
756 813
757 757
757 836
757 852
758 758
758 814
758 823
758 837
759 759
759 812
760 760
761 761
761 788
761 838
762 762
762 792
762 797
762 821
763 763
763 780
763 806
764 764
764 765
765 765
765 802
765 810
765 828
766 766
766 778
766 796
766 827
767 767
767 779
768 768
768 815
768 822
768 848
769 769
769 780
770 770
770 801
771 771
771 822
771 826
772 772
772 829
773 773
773 797
773 839
773 853
773 869
774 774
774 780
774 827
774 840
774 868
775 775
775 782
775 826
775 839
775 872
776 776
776 795
776 819
777 777
777 834
777 841
777 905
778 778
778 827
778 836
778 868
778 879
779 779
779 796
780 780
780 816
780 823
780 876
780 887
780 911
780 928
780 932
780 935
781 781
781 815
782 782
782 880
783 783
783 805
783 807
783 838
783 842
783 850
784 784
784 826
784 843
784 848
784 858
785 785
785 811
785 842
785 844
786 786
786 824
786 843
786 845
786 847
787 787
787 834
787 846
787 863
787 877
787 902
788 788
789 789
789 804
789 810
789 828
789 849
789 862
789 867
790 790
790 791
790 805
790 824
790 856
791 791
791 833
791 864
792 792
793 793
793 818
793 856
793 870
794 794
794 817
794 837
794 860
795 795
795 801
795 819
795 820
795 867
795 894
795 900
796 796
796 879
796 880
797 797
797 835
797 839
798 798
798 813
798 851
798 874
798 881
799 799
799 836
799 874
799 882
799 885
800 800
800 816
800 847
800 870
800 876
801 801
801 820
801 841
801 883
802 802
802 815
802 830
803 803
803 832
803 848
803 881
803 884
803 886
804 804
804 818
804 849
805 805
806 806
806 840
807 807
807 831
807 850
807 861
808 808
808 818
808 838
809 809
809 811
809 832
810 810
810 821
810 828
811 811
811 844
812 812
812 854
812 865
813 813
813 851
814 814
814 837
815 815
815 871
815 884
816 816
816 872
816 888
816 912
816 928
816 934
817 817
817 860
817 909
817 910
817 911
818 818
818 862
819 819
819 820
820 820
820 894
820 899
820 913
820 929
820 958
820 963
821 821
821 873
821 913
821 930
822 822
822 853
822 914
822 919
823 823
823 859
824 824
824 845
824 856
824 866
824 906
824 915
825 825
825 882
825 890
825 916
826 826
826 869
826 872
826 895
826 914
826 917
826 946
826 952
827 827
827 840
828 828
828 830
829 829
829 852
829 881
829 886
829 889
829 905
829 944
829 918
829 954
829 964
830 830
830 871
830 892
830 896
830 919
830 925
830 930
830 938
831 831
831 854
831 857
831 861
831 907
832 832
832 886
833 833
833 885
833 890
833 906
833 920
833 926
833 965
833 986
834 834
834 863
834 865
834 902
835 835
835 875
835 880
835 883
835 891
835 899
835 901
836 836
836 874
836 893
836 908
836 918
837 837
837 855
837 859
837 878
838 838
838 896
839 839
839 869
839 873
839 903
840 840
840 888
841 841
841 875
841 883
841 894
841 901
841 929
841 956
842 842
842 877
842 896
843 843
843 866
844 844
844 871
845 845
846 846
846 863
846 877
847 847
847 895
847 912
848 848
848 858
848 884
849 849
849 862
850 850
850 857
850 861
850 864
850 898
851 851
851 858
851 920
851 922
852 852
853 853
853 873
854 854
854 855
854 865
854 878
854 907
854 973
855 855
855 859
856 856
856 864
856 906
856 915
856 921
857 857
857 898
858 858
858 914
858 922
858 931
858 946
858 966
858 987
858 989
859 859
859 878
859 887
859 897
859 916
859 967
860 860
860 867
860 909
860 910
860 923
861 861
861 898
861 907
861 924
861 960
862 862
862 925
862 968
862 970
862 977
862 988
862 990
863 863
863 889
863 902
863 905
864 864
864 924
864 926
864 921
864 949
865 865
865 900
865 927
865 973
865 936
865 969
866 866
866 895
866 920
867 867
867 909
867 913
867 923
867 958
867 968
868 868
868 879
868 887
868 897
868 933
869 869
870 870
870 876
870 911
870 921
870 962
870 970
870 982
871 871
871 892
871 904
871 938
871 971
872 872
872 903
872 917
873 873
873 899
873 930
873 952
873 963
873 972
874 874
874 885
874 893
875 875
875 901
875 944
875 941
876 876
876 912
876 928
877 877
877 889
878 878
878 910
878 927
878 973
878 967
879 879
879 891
879 941
879 942
879 974
880 880
880 888
880 891
880 903
880 945
880 974
880 975
881 881
881 922
881 931
881 918
881 940
882 882
882 890
882 908
882 943
883 883
884 884
884 892
884 904
885 885
885 893
885 939
886 886
886 904
886 940
887 887
887 897
887 961
887 933
888 888
888 942
888 975
889 889
889 954
889 955
889 964
890 890
890 939
890 916
890 943
891 891
892 892
892 919
892 957
893 893
893 908
893 939
893 948
894 894
894 900
894 959
895 895
895 946
895 951
895 966
895 976
895 983
896 896
896 924
896 938
896 955
896 977
897 897
897 933
898 898
898 926
898 947
898 949
899 899
899 945
899 978
900 900
900 923
900 936
900 959
900 979
901 901
901 929
901 941
901 945
901 956
902 902
902 960
902 969
903 903
903 952
903 972
903 975
903 980
904 904
904 931
904 950
904 971
905 905
905 936
905 969
906 906
906 915
906 951
906 965
907 907
907 947
908 908
908 943
909 909
909 968
910 910
910 932
910 961
910 981
910 985
911 911
911 932
911 935
911 970
911 982
911 985
912 912
912 917
912 934
912 937
912 983
913 913
913 925
913 958
913 963
914 914
914 950
914 989
915 915
915 962
916 916
917 917
917 934
917 976
917 980
918 918
919 919
919 957
920 920
920 951
920 953
920 966
921 921
922 922
922 948
922 984
922 987
923 923
923 927
924 924
924 955
925 925
925 977
925 988
926 926
926 949
926 965
927 927
927 979
928 928
928 935
928 937
929 929
929 978
930 930
931 931
931 940
931 950
931 984
932 932
932 961
932 985
933 933
934 934
935 935
936 936
937 937
938 938
939 939
939 953
940 940
941 941
941 944
942 942
943 943
944 944
944 956
945 945
946 946
947 947
948 948
949 949
950 950
951 951
952 952
953 953
954 954
955 955
956 956
957 957
958 958
959 959
960 960
961 961
961 967
962 962
963 963
964 964
965 965
966 966
967 967
968 968
969 969
970 970
971 971
972 972
973 973
974 974
975 975
976 976
977 977
978 978
979 979
980 980
981 981
982 982
983 983
984 984
985 985
986 986
987 987
988 988
989 989
990 990
