0 24
0 30
0 86
0 82
1 25
1 30
1 87
1 17
2 26
2 30
2 88
2 18
3 27
3 28
3 19
4 28
4 29
4 20
5 29
5 30
5 86
5 87
5 88
5 21
6 31
6 42
6 110
6 111
6 112
6 22
7 32
7 42
7 110
7 17
7 20
7 23
8 33
8 42
8 111
8 18
8 21
8 24
9 34
9 42
9 112
9 19
9 22
9 25
10 35
10 36
10 37
10 38
10 17
10 20
10 26
11 36
11 42
11 110
11 18
11 21
11 27
12 37
12 42
12 45
12 111
12 19
12 22
12 28
13 38
13 42
13 112
13 29
14 39
14 41
14 30
15 40
15 41
15 31
16 41
16 42
16 110
16 111
16 112
16 23
16 24
16 25
16 29
16 30
16 31
16 32
16 82
17 26
17 27
17 28
17 33
17 82
18 32
18 34
19 33
19 35
20 34
20 35
20 36
21 36
21 37
22 33
22 38
23 26
23 33
23 37
23 39
29 32
29 33
29 36
29 38
29 39
30 80
30 82
32 41
33 40
34 82
37 39
37 40
38 41
39 41
40 67
40 73
40 98
41 68
41 73
41 99
42 69
42 73
42 100
42 81
42 82
43 70
43 71
43 85
44 71
44 72
44 57
45 72
45 73
45 98
45 99
45 100
45 58
46 74
46 85
46 122
46 123
46 124
46 59
47 75
47 85
47 122
47 60
48 76
48 85
48 123
48 61
49 77
49 85
49 124
49 62
50 78
50 79
50 80
50 81
50 57
50 60
50 63
51 79
51 85
51 122
51 58
51 61
51 64
52 80
52 85
52 123
52 59
52 62
52 65
53 81
53 85
53 124
53 57
53 60
53 66
54 82
54 84
54 58
54 61
54 67
55 83
55 84
55 59
55 62
55 68
56 84
56 85
56 122
56 123
56 124
56 69
57 70
58 71
59 63
59 64
59 65
59 69
59 70
59 71
59 72
59 85
60 66
60 67
60 68
60 73
60 85
61 72
61 74
62 73
62 75
63 74
63 75
63 76
64 76
64 77
65 73
65 78
66 73
66 77
66 79
72 72
72 84
72 73
72 76
72 78
72 79
73 83
73 85
77 82
77 83
77 85
78 84
79 84
80 243
82 242
83 563
84 85
85 85
85 559
85 562
86 560
86 561
86 562
86 563
86 484
87 95
87 96
87 97
87 119
87 120
87 121
87 140
87 141
87 142
87 184
87 185
87 186
87 564
87 613
87 614
87 615
87 616
87 617
87 618
87 625
87 626
87 627
87 630
87 631
87 633
87 634
87 636
87 637
87 638
87 639
87 647
87 648
87 649
87 650
87 651
87 485
88 181
88 182
88 183
88 566
88 630
88 631
88 633
88 643
88 486
89 563
89 642
89 487
89 573
89 578
90 654
90 488
90 574
90 578
91 202
91 203
91 204
91 208
91 209
91 210
91 557
91 560
91 612
91 628
91 629
91 642
91 644
91 654
91 489
91 575
91 578
92 202
92 203
92 204
92 208
92 209
92 210
92 558
92 561
92 612
92 628
92 629
92 642
92 645
92 654
92 118
92 121
92 484
93 202
93 203
93 204
93 208
93 209
93 210
93 559
93 562
93 612
93 628
93 629
93 642
93 646
93 654
93 119
93 122
93 485
94 240
94 241
94 242
94 243
94 120
94 123
94 486
95 107
95 108
95 109
95 131
95 132
95 133
95 244
95 570
95 571
95 572
95 573
95 574
95 575
95 582
95 583
95 584
95 587
95 588
95 590
95 591
95 593
95 594
95 595
95 596
95 604
95 605
95 606
95 607
95 608
95 118
95 121
95 487
96 245
96 587
96 588
96 590
96 600
96 119
96 122
96 488
97 243
97 599
97 120
97 123
97 489
98 611
98 490
99 159
99 160
99 161
99 237
99 240
99 569
99 585
99 586
99 599
99 601
99 611
99 491
100 159
100 160
100 161
100 238
100 241
100 569
100 585
100 586
100 599
100 602
100 611
100 492
101 159
101 160
101 161
101 239
101 242
101 569
101 585
101 586
101 599
101 603
101 611
101 493
101 535
101 540
102 240
102 241
102 242
102 243
102 252
102 253
102 254
102 255
102 494
102 536
102 540
103 134
103 135
103 136
103 150
103 151
103 152
103 244
103 247
103 248
103 495
103 537
103 540
104 147
104 148
104 149
104 246
104 124
104 127
104 490
105 243
105 247
105 255
105 125
105 128
105 491
106 248
106 126
106 129
106 492
107 146
107 168
107 169
107 170
107 174
107 175
107 176
107 237
107 240
107 247
107 248
107 252
107 124
107 127
107 493
108 146
108 168
108 169
108 170
108 174
108 175
108 176
108 238
108 241
108 247
108 248
108 253
108 125
108 128
108 494
109 146
109 168
109 169
109 170
109 174
109 175
109 176
109 239
109 242
109 247
109 248
109 254
109 126
109 129
109 495
110 538
110 539
110 540
110 541
110 560
110 561
110 562
110 563
110 496
111 214
111 215
111 216
111 217
111 218
111 219
111 226
111 227
111 228
111 231
111 232
111 234
111 235
111 564
111 567
111 568
111 497
112 231
112 232
112 234
112 543
112 544
112 565
112 498
113 541
113 563
113 567
113 499
113 579
113 580
113 584
113 589
114 568
114 500
114 579
114 581
114 585
114 589
115 180
115 193
115 194
115 195
115 229
115 230
115 535
115 538
115 557
115 560
115 567
115 568
115 501
115 579
115 582
115 586
115 589
116 180
116 193
116 194
116 195
116 229
116 230
116 536
116 539
116 558
116 561
116 567
116 568
116 130
116 133
116 496
117 180
117 193
117 194
117 195
117 229
117 230
117 537
117 540
117 559
117 562
117 567
117 568
117 131
117 134
117 497
118 247
118 261
118 283
118 305
118 327
118 349
118 371
118 393
118 415
118 437
118 459
118 481
118 503
118 525
118 547
118 132
118 135
118 498
119 247
119 261
119 283
119 305
119 327
119 349
119 371
119 393
119 415
119 437
119 459
119 481
119 503
119 525
119 547
119 130
119 133
119 499
120 247
120 261
120 283
120 305
120 327
120 349
120 371
120 393
120 415
120 437
120 459
120 481
120 503
120 525
120 547
120 131
120 134
120 500
121 247
121 261
121 283
121 305
121 327
121 349
121 371
121 393
121 415
121 437
121 459
121 481
121 503
121 525
121 547
121 132
121 135
121 501
122 247
122 261
122 283
122 305
122 327
122 349
122 371
122 393
122 415
122 437
122 459
122 481
122 503
122 525
122 547
122 502
123 247
123 261
123 283
123 305
123 327
123 349
123 371
123 393
123 415
123 437
123 459
123 481
123 503
123 525
123 547
124 263
124 285
124 307
124 329
124 351
124 373
124 395
124 417
124 439
124 461
124 483
124 505
124 527
124 549
124 567
124 504
125 263
125 285
125 307
125 329
125 351
125 373
125 395
125 417
125 439
125 461
125 483
125 505
125 527
125 549
125 567
125 541
125 542
125 546
125 551
126 263
126 285
126 307
126 329
126 351
126 373
126 395
126 417
126 439
126 461
126 483
126 505
126 527
126 549
126 567
126 506
126 541
126 543
126 547
126 551
127 263
127 285
127 307
127 329
127 351
127 373
127 395
127 417
127 439
127 461
127 483
127 505
127 527
127 549
127 567
127 507
127 541
127 544
127 548
127 551
128 263
128 285
128 307
128 329
128 351
128 373
128 395
128 417
128 439
128 461
128 483
128 505
128 527
128 549
128 567
128 136
128 139
128 502
129 263
129 285
129 307
129 329
129 351
129 373
129 395
129 417
129 439
129 483
129 505
129 527
129 549
129 567
129 137
129 140
129 503
130 248
130 262
130 284
130 306
130 328
130 350
130 372
130 394
130 416
130 438
130 460
130 482
130 504
130 526
130 548
130 138
130 141
131 248
131 262
131 284
131 306
131 328
131 350
131 372
131 394
131 416
131 438
131 460
131 482
131 504
131 526
131 548
131 136
131 139
131 505
132 248
132 262
132 284
132 306
132 328
132 350
132 372
132 394
132 416
132 438
132 460
132 482
132 504
132 526
132 548
132 137
132 140
132 506
133 248
133 262
133 284
133 306
133 328
133 350
133 372
133 394
133 416
133 438
133 460
133 482
133 504
133 526
133 548
133 138
133 141
133 507
134 248
134 262
134 284
134 306
134 328
134 350
134 372
134 394
134 416
134 438
134 460
134 482
134 504
134 526
134 548
134 142
134 145
134 508
135 248
135 262
135 284
135 306
135 328
135 350
135 372
135 394
135 416
135 438
135 460
135 482
135 504
135 526
135 548
135 143
135 146
135 509
136 264
136 286
136 308
136 330
136 352
136 374
136 396
136 418
136 440
136 462
136 484
136 506
136 528
136 550
136 568
136 144
136 147
136 510
137 264
137 286
137 308
137 330
137 352
137 374
137 396
137 418
137 440
137 462
137 484
137 506
137 528
137 550
137 568
137 148
137 508
138 264
138 286
138 308
138 330
138 352
138 374
138 396
138 418
138 440
138 462
138 484
138 506
138 528
138 550
138 568
138 149
138 509
139 264
139 286
139 308
139 330
139 352
139 374
139 396
139 418
139 440
139 462
139 484
139 506
139 528
139 550
139 568
139 150
139 510
140 264
140 286
140 308
140 330
140 352
140 374
140 396
140 418
140 440
140 462
140 484
140 506
140 528
140 550
140 568
140 142
140 145
140 511
141 264
141 286
141 308
141 330
141 352
141 374
141 396
141 418
141 440
141 462
141 484
141 506
141 528
141 550
141 568
141 143
141 146
141 512
142 265
142 287
142 309
142 331
142 353
142 375
142 397
142 419
142 441
142 463
142 485
142 507
142 529
142 551
142 144
142 147
142 513
143 266
143 288
143 310
143 332
143 354
143 376
143 398
143 420
143 442
143 464
143 486
143 508
143 530
143 552
143 151
143 511
144 267
144 289
144 311
144 333
144 355
144 377
144 399
144 421
144 443
144 465
144 487
144 509
144 531
144 553
144 152
144 512
145 265
145 287
145 309
145 331
145 353
145 375
145 397
145 419
145 441
145 463
145 485
145 507
145 529
145 551
145 153
145 513
146 266
146 288
146 310
146 332
146 354
146 376
146 398
146 420
146 442
146 464
146 486
146 508
146 530
146 552
147 267
147 289
147 311
147 333
147 355
147 377
147 399
147 421
147 443
147 465
147 487
147 509
147 531
147 553
147 148
147 177
147 180
147 183
148 237
148 149
148 178
148 181
148 184
149 238
149 150
149 179
149 182
149 185
150 239
150 514
151 181
151 557
151 515
152 182
152 558
152 516
153 183
153 559
153 514
154 570
154 576
154 579
154 184
154 515
155 571
155 577
155 580
155 185
155 516
156 572
156 578
156 581
156 170
156 174
156 517
157 573
157 576
157 579
157 173
157 517
157 518
158 574
158 577
158 580
158 517
158 519
159 575
159 578
159 581
159 160
159 166
159 167
159 520
160 576
160 585
160 161
160 166
160 168
160 521
161 577
161 585
161 162
161 167
161 168
161 522
162 578
162 585
162 163
162 169
162 170
162 173
162 175
162 518
162 519
162 520
162 523
163 579
163 586
163 164
163 169
163 170
163 173
163 175
163 518
163 519
163 521
163 524
164 580
164 586
164 165
164 169
164 170
164 173
164 175
164 518
164 519
164 522
164 525
165 581
165 586
165 180
165 523
166 582
166 585
166 181
166 524
167 583
167 585
167 182
167 525
168 584
168 585
168 526
169 585
169 587
169 598
169 610
169 527
170 586
170 588
170 591
170 592
170 598
170 609
170 528
171 587
171 589
171 526
171 529
172 588
172 589
172 527
172 530
173 589
173 590
173 598
173 528
173 531
174 590
174 592
174 608
174 609
174 526
174 527
174 528
174 529
174 532
175 591
175 598
175 610
175 526
175 527
175 528
175 530
175 533
176 592
176 598
176 610
176 526
176 527
176 528
176 531
176 534
177 177
177 532
178 178
178 533
179 179
179 534
181 209
181 212
181 215
182 210
182 213
182 216
183 211
183 214
183 217
184 552
185 553
186 214
186 220
186 223
186 554
187 215
187 221
187 224
187 552
188 216
188 222
188 225
188 553
189 217
189 220
189 223
189 554
190 218
190 221
190 224
190 202
190 206
190 555
191 219
191 222
191 225
191 205
191 555
191 556
192 193
192 220
192 229
192 555
192 557
193 194
193 221
193 229
193 198
193 199
193 558
194 195
194 222
194 229
194 198
194 200
194 559
195 196
195 223
195 230
195 199
195 200
195 560
196 197
196 224
196 230
196 201
196 202
196 205
196 207
196 556
196 557
196 558
196 561
197 198
197 225
197 230
197 201
197 202
197 205
197 207
197 556
197 557
197 559
197 562
198 226
198 229
198 201
198 202
198 205
198 207
198 556
198 557
198 560
198 563
199 227
199 229
199 212
199 561
200 228
200 229
200 213
200 562
201 229
201 231
201 214
201 563
202 230
202 232
202 235
202 236
202 564
203 231
203 233
203 565
204 232
204 233
204 566
205 233
205 234
205 564
205 567
206 234
206 236
206 565
206 568
207 235
207 566
207 569
208 236
208 564
208 565
208 566
208 567
208 570
209 211
209 564
209 565
209 566
209 568
209 571
210 212
210 564
210 565
210 566
210 569
210 572
211 213
211 570
212 571
213 572
218 240
218 241
218 242
218 243
218 252
218 253
218 254
218 255
219 256
219 263
219 264
220 245
220 246
220 257
221 243
221 255
221 263
222 264
223 237
223 240
223 249
223 252
223 260
223 263
223 264
224 238
224 241
224 250
224 253
224 260
224 263
224 264
225 239
225 242
225 251
225 254
225 260
225 263
225 264
226 252
226 253
226 254
226 255
226 274
226 275
226 276
226 277
227 256
227 261
227 262
227 265
227 266
227 267
228 258
229 255
229 261
229 277
230 262
231 249
231 252
231 259
231 261
231 262
231 274
232 250
232 253
232 259
232 261
232 262
232 275
233 251
233 254
233 259
233 261
233 262
233 276
234 252
234 253
234 254
234 255
234 274
234 275
234 276
234 277
235 278
235 285
235 286
236 257
236 258
236 279
237 255
237 277
237 285
238 286
239 249
239 252
239 271
239 274
239 282
239 285
239 286
240 250
240 253
240 272
240 275
240 282
240 285
240 286
241 251
241 254
241 273
241 276
241 282
241 285
241 286
242 249
242 268
243 250
243 269
244 251
244 270
245 274
245 275
245 277
245 296
245 297
245 298
245 299
246 278
246 283
246 284
246 287
246 288
246 289
247 280
248 277
248 283
248 299
249 284
250 271
250 274
250 281
250 283
250 284
250 296
251 272
251 275
251 281
251 283
251 284
251 297
252 273
252 276
252 281
252 283
252 284
252 298
253 274
253 275
253 276
253 277
253 296
253 297
253 298
253 299
254 300
254 307
254 308
255 279
255 280
255 301
256 277
256 299
256 307
257 308
258 271
258 274
258 293
258 296
258 304
258 307
258 308
259 272
259 275
259 294
259 297
259 304
259 307
259 308
260 273
260 276
260 295
260 298
260 304
260 307
260 308
261 271
261 290
262 272
262 291
263 273
263 292
264 296
264 297
264 298
264 299
264 318
264 319
264 320
264 321
265 300
265 305
265 306
265 309
265 310
265 311
265 613
266 302
266 614
267 299
267 305
267 321
267 615
268 306
268 613
269 293
269 296
269 303
269 305
269 306
269 318
269 614
270 294
270 297
270 303
270 305
270 306
270 319
270 615
271 295
271 298
271 303
271 305
271 306
271 320
272 296
272 297
272 298
272 299
272 318
272 319
272 320
272 321
273 322
273 329
273 330
274 301
274 302
274 323
275 299
275 321
275 329
276 330
277 293
277 296
277 315
277 318
277 326
277 329
277 330
278 294
278 297
278 316
278 319
278 326
278 329
278 330
279 295
279 298
279 317
279 320
279 326
279 329
279 330
280 293
280 312
281 294
281 313
282 295
282 314
283 318
283 319
283 320
283 321
283 340
283 341
283 342
283 343
284 322
284 327
284 328
284 331
284 332
284 333
285 324
286 321
286 327
286 343
287 328
287 616
288 315
288 318
288 325
288 327
288 328
288 340
288 617
289 316
289 319
289 325
289 327
289 328
289 341
289 618
290 317
290 320
290 325
290 327
290 328
290 342
290 616
291 318
291 319
291 320
291 321
291 340
291 341
291 342
291 343
291 617
292 344
292 351
292 352
292 618
293 323
293 324
293 345
294 321
294 343
294 351
295 352
296 315
296 318
296 337
296 340
296 348
296 351
296 352
297 316
297 319
297 338
297 341
297 348
297 351
297 352
298 317
298 320
298 339
298 342
298 348
298 351
298 352
299 315
299 334
300 316
300 335
301 317
301 336
302 340
302 341
302 342
302 343
302 362
302 363
302 364
302 365
303 344
303 349
303 350
303 353
303 354
303 355
304 346
305 343
305 349
305 365
306 350
307 337
307 340
307 347
307 349
307 350
307 362
308 338
308 341
308 347
308 349
308 350
308 363
309 339
309 342
309 347
309 349
309 350
309 364
309 619
310 340
310 341
310 342
310 343
310 362
310 363
310 364
310 365
310 620
311 366
311 373
311 374
311 621
312 345
312 346
312 367
312 619
313 343
313 365
313 373
313 620
314 374
314 621
315 337
315 340
315 359
315 362
315 370
315 373
315 374
316 338
316 341
316 360
316 363
316 370
316 373
316 374
317 339
317 342
317 361
317 364
317 370
317 373
317 374
318 337
318 356
319 338
319 357
320 339
320 358
321 362
321 363
321 364
321 365
321 384
321 385
321 386
321 387
322 366
322 371
322 372
322 375
322 376
322 377
323 368
324 365
324 371
324 387
325 372
326 359
326 362
326 369
326 371
326 372
326 384
327 360
327 363
327 369
327 371
327 372
327 385
328 361
328 364
328 369
328 371
328 372
328 386
329 362
329 363
329 364
329 365
329 384
329 385
329 386
329 387
330 388
330 395
330 396
331 367
331 368
331 389
331 622
332 365
332 387
332 395
332 623
333 396
333 624
334 359
334 362
334 381
334 384
334 392
334 395
334 396
334 622
335 360
335 363
335 382
335 385
335 392
335 395
335 396
335 623
336 361
336 364
336 383
336 386
336 392
336 395
336 396
336 624
337 359
337 378
338 360
338 379
339 361
339 380
340 384
340 385
340 386
340 387
340 406
340 407
340 408
340 409
341 388
341 393
341 394
341 397
341 398
341 399
342 390
343 387
343 393
343 409
344 394
345 381
345 384
345 391
345 393
345 394
345 406
346 382
346 385
346 391
346 393
346 394
346 407
347 383
347 386
347 391
347 393
347 394
347 408
348 384
348 385
348 386
348 387
348 406
348 407
348 408
348 409
349 410
349 417
349 418
350 389
350 390
350 411
351 387
351 409
351 417
352 418
353 381
353 384
353 403
353 406
353 414
353 417
353 418
353 625
354 382
354 385
354 404
354 407
354 414
354 417
354 418
354 626
355 383
355 386
355 405
355 408
355 414
355 417
355 418
355 627
356 381
356 400
356 625
357 382
357 401
357 626
358 383
358 402
358 627
359 406
359 407
359 408
359 409
359 428
359 429
359 430
359 431
360 410
360 415
360 416
360 419
360 420
360 421
361 412
362 409
362 415
362 431
363 416
364 403
364 406
364 413
364 415
364 416
364 428
365 404
365 407
365 413
365 415
365 416
365 429
366 405
366 408
366 413
366 415
366 416
366 430
367 406
367 407
367 408
367 409
367 428
367 429
367 430
367 431
368 432
368 439
368 440
369 411
369 412
369 433
370 409
370 431
370 439
371 440
372 403
372 406
372 425
372 428
372 436
372 439
372 440
373 404
373 407
373 426
373 429
373 436
373 439
373 440
374 405
374 408
374 427
374 430
374 436
374 439
374 440
375 403
375 422
375 628
376 404
376 423
376 629
377 405
377 424
377 630
378 428
378 429
378 430
378 431
378 450
378 451
378 452
378 453
378 628
379 432
379 437
379 438
379 441
379 442
379 443
379 629
380 434
380 630
381 431
381 437
381 453
382 438
383 425
383 428
383 435
383 437
383 438
383 450
384 426
384 429
384 435
384 437
384 438
384 451
385 427
385 430
385 435
385 437
385 438
385 452
386 428
386 429
386 430
386 431
386 450
386 451
386 452
386 453
387 454
387 461
387 462
388 433
388 434
388 455
389 431
389 453
389 461
390 462
391 425
391 428
391 447
391 450
391 458
391 461
391 462
392 426
392 429
392 448
392 451
392 458
392 461
392 462
393 427
393 430
393 449
393 452
393 458
393 461
393 462
394 425
394 444
395 426
395 445
396 427
396 446
397 450
397 451
397 452
397 453
397 472
397 473
397 474
397 475
397 631
398 454
398 459
398 460
398 463
398 464
398 465
398 632
399 456
399 633
400 453
400 459
400 475
400 631
401 460
401 632
402 447
402 450
402 457
402 459
402 460
402 472
402 633
403 448
403 451
403 457
403 459
403 460
403 473
404 449
404 452
404 457
404 459
404 460
404 474
405 450
405 451
405 452
405 453
405 472
405 473
405 474
405 475
406 476
406 483
406 484
407 455
407 456
407 477
408 453
408 475
408 483
409 484
410 447
410 450
410 469
410 472
410 480
410 483
410 484
411 448
411 451
411 470
411 473
411 480
411 483
411 484
412 449
412 452
412 471
412 474
412 480
412 483
412 484
413 447
413 466
414 448
414 467
415 449
415 468
416 472
416 473
416 474
416 475
416 494
416 495
416 496
416 497
417 476
417 481
417 482
417 485
417 486
417 487
418 478
419 475
419 481
419 497
419 634
420 482
420 635
421 469
421 472
421 479
421 481
421 482
421 494
421 636
422 470
422 473
422 479
422 481
422 482
422 495
422 634
423 471
423 474
423 479
423 481
423 482
423 496
423 635
424 472
424 473
424 474
424 475
424 494
424 495
424 496
424 497
424 636
425 498
425 505
425 506
426 477
426 478
426 499
427 475
427 497
427 505
428 506
429 469
429 472
429 491
429 494
429 502
429 505
429 506
430 470
430 473
430 492
430 495
430 502
430 505
430 506
431 471
431 474
431 493
431 496
431 502
431 505
431 506
432 469
432 488
433 470
433 489
434 471
434 490
435 494
435 495
435 496
435 497
435 516
435 517
435 518
435 519
436 498
436 503
436 504
436 507
436 508
436 509
437 500
438 497
438 503
438 519
439 504
440 491
440 494
440 501
440 503
440 504
440 516
441 492
441 495
441 501
441 503
441 504
441 517
441 637
442 493
442 496
442 501
442 503
442 504
442 518
442 638
443 494
443 495
443 496
443 497
443 516
443 517
443 518
443 519
443 639
444 520
444 527
444 528
444 637
445 499
445 500
445 521
445 638
446 497
446 519
446 527
446 639
447 528
448 491
448 494
448 513
448 516
448 524
448 527
448 528
449 492
449 495
449 514
449 517
449 524
449 527
449 528
450 493
450 496
450 515
450 518
450 524
450 527
450 528
451 491
451 510
452 492
452 511
453 493
453 512
454 516
454 517
454 518
454 519
454 538
454 539
454 540
454 541
455 520
455 525
455 526
455 529
455 530
455 531
456 522
457 519
457 525
457 541
458 526
459 513
459 516
459 523
459 525
459 526
459 538
460 514
460 517
460 523
460 525
460 526
460 539
461 515
461 518
461 523
461 525
461 526
461 540
462 516
462 517
462 518
462 519
462 538
462 539
462 540
462 541
463 542
463 549
463 550
463 640
464 521
464 522
464 543
464 641
465 519
465 541
465 549
465 642
466 550
466 640
467 513
467 516
467 535
467 538
467 546
467 549
467 550
467 641
468 514
468 517
468 536
468 539
468 546
468 549
468 550
468 642
469 515
469 518
469 537
469 540
469 546
469 549
469 550
470 513
470 532
471 514
471 533
472 515
472 534
473 538
473 539
473 540
473 541
473 560
473 561
473 562
473 563
474 542
474 547
474 548
474 551
474 552
474 553
475 544
476 541
476 547
476 563
477 548
478 535
478 538
478 545
478 547
478 548
478 560
479 536
479 539
479 545
479 547
479 548
479 561
480 537
480 540
480 545
480 547
480 548
480 562
481 535
481 554
482 536
482 555
483 537
483 556
485 643
486 644
487 645
488 643
489 644
490 645
507 646
508 647
509 648
510 646
511 647
512 648
529 649
530 650
531 651
532 649
533 650
534 651
535 593
535 599
536 594
536 599
537 595
537 599
538 596
538 597
539 597
539 598
540 598
540 599
541 600
541 611
542 601
542 611
543 602
543 611
544 603
544 611
545 604
545 605
545 606
545 607
546 605
546 611
547 606
547 611
548 607
548 611
549 608
549 610
550 609
550 610
551 610
551 611
551 652
552 653
553 654
554 652
555 653
556 654
573 636
573 642
574 637
574 642
575 638
575 642
576 639
576 640
577 640
577 641
578 641
578 642
579 643
579 654
580 644
580 654
581 645
581 654
582 646
582 654
583 647
583 648
583 649
583 650
584 648
584 654
585 649
585 654
586 650
586 654
587 651
587 653
588 652
588 653
589 653
589 654
590 613
590 619
590 622
591 614
591 620
591 623
592 615
592 621
592 624
593 616
593 619
593 622
594 617
594 620
594 623
595 618
595 621
595 624
596 619
596 628
597 620
597 628
598 621
598 628
599 622
599 629
600 623
600 629
601 624
601 629
602 625
602 628
603 626
603 628
604 627
604 628
605 628
605 630
605 641
605 653
606 629
606 631
606 634
606 635
606 641
606 652
607 630
607 632
608 631
608 632
609 632
609 633
609 641
610 633
610 635
610 651
610 652
611 634
611 641
611 653
612 635
612 641
612 653
