0 24
0 30
0 86
0 82
1 25
1 30
1 87
1 17
2 26
2 30
2 88
2 18
3 27
3 28
3 19
4 28
4 29
4 20
5 29
5 30
5 86
5 87
5 88
5 21
6 31
6 42
6 110
6 111
6 112
6 22
7 32
7 42
7 110
7 17
7 20
7 23
8 33
8 42
8 111
8 18
8 21
8 24
9 34
9 42
9 112
9 19
9 22
9 25
10 35
10 36
10 37
10 38
10 17
10 20
10 26
11 36
11 42
11 110
11 18
11 21
11 27
12 37
12 42
12 111
12 19
12 22
12 28
13 38
13 42
13 112
13 29
14 39
14 41
14 30
15 40
15 41
15 31
16 41
16 42
16 110
16 111
16 112
16 23
16 24
16 25
16 29
16 30
16 31
16 32
16 82
17 26
17 27
17 28
17 33
17 82
18 32
18 34
19 33
19 35
20 34
20 35
20 36
21 36
21 37
22 33
22 38
23 26
23 33
23 37
23 39
29 32
29 33
29 36
29 38
29 39
30 80
30 82
32 41
33 40
34 82
37 39
37 40
38 41
39 41
40 67
40 73
40 98
41 68
41 73
41 99
42 69
42 73
42 100
42 81
42 82
43 70
43 71
43 85
44 71
44 72
44 57
45 72
45 73
45 98
45 99
45 100
45 58
46 74
46 85
46 122
46 123
46 124
46 59
47 75
47 85
47 122
47 60
48 76
48 85
48 123
48 61
49 77
49 85
49 124
49 62
50 78
50 79
50 80
50 81
50 57
50 60
50 63
51 79
51 85
51 122
51 58
51 61
51 64
52 80
52 85
52 123
52 59
52 62
52 65
53 81
53 85
53 124
53 57
53 60
53 66
54 82
54 84
54 58
54 61
54 67
55 83
55 84
55 59
55 62
55 68
56 84
56 85
56 122
56 123
56 124
56 69
57 70
58 71
59 63
59 64
59 65
59 69
59 70
59 71
59 72
59 85
60 66
60 67
60 68
60 73
60 85
61 72
61 74
62 73
62 75
63 74
63 75
63 76
64 76
64 77
65 73
65 78
66 73
66 77
66 79
72 72
72 84
72 73
72 76
72 78
72 79
73 83
73 85
77 82
77 83
77 85
78 84
79 84
80 243
82 242
83 387
84 85
85 85
85 383
85 386
86 384
86 385
86 386
86 387
86 332
87 95
87 96
87 97
87 119
87 120
87 121
87 140
87 141
87 142
87 184
87 185
87 186
87 388
87 437
87 438
87 439
87 440
87 441
87 442
87 449
87 450
87 451
87 454
87 455
87 457
87 458
87 460
87 461
87 462
87 463
87 471
87 472
87 473
87 474
87 475
87 333
88 181
88 182
88 183
88 390
88 454
88 455
88 457
88 467
88 334
89 387
89 466
89 335
89 421
89 426
90 478
90 336
90 422
90 426
91 202
91 203
91 204
91 208
91 209
91 210
91 381
91 384
91 436
91 452
91 453
91 466
91 468
91 478
91 337
91 423
91 426
92 202
92 203
92 204
92 208
92 209
92 210
92 382
92 385
92 436
92 452
92 453
92 466
92 469
92 478
92 118
92 121
92 332
93 202
93 203
93 204
93 208
93 209
93 210
93 383
93 386
93 436
93 452
93 453
93 466
93 470
93 478
93 119
93 122
93 333
94 240
94 241
94 242
94 243
94 120
94 123
94 334
95 107
95 108
95 109
95 131
95 132
95 133
95 244
95 394
95 395
95 396
95 397
95 398
95 399
95 406
95 407
95 408
95 411
95 412
95 414
95 415
95 417
95 418
95 419
95 420
95 428
95 429
95 430
95 431
95 432
95 118
95 121
95 335
96 245
96 411
96 412
96 414
96 424
96 119
96 122
96 336
97 243
97 423
97 120
97 123
97 337
98 435
98 338
99 159
99 160
99 161
99 237
99 240
99 393
99 409
99 410
99 423
99 425
99 435
99 339
100 159
100 160
100 161
100 238
100 241
100 393
100 409
100 410
100 423
100 426
100 435
100 340
101 159
101 160
101 161
101 239
101 242
101 393
101 409
101 410
101 423
101 427
101 435
101 341
101 383
101 388
102 240
102 241
102 242
102 243
102 252
102 253
102 254
102 255
102 342
102 384
102 388
103 134
103 135
103 136
103 150
103 151
103 152
103 244
103 247
103 248
103 343
103 385
103 388
104 147
104 148
104 149
104 246
104 124
104 127
104 338
105 243
105 247
105 255
105 125
105 128
105 339
106 248
106 126
106 129
106 340
107 146
107 168
107 169
107 170
107 174
107 175
107 176
107 237
107 240
107 247
107 248
107 252
107 124
107 127
107 341
108 146
108 168
108 169
108 170
108 174
108 175
108 176
108 238
108 241
108 247
108 248
108 253
108 125
108 128
108 342
109 146
109 168
109 169
109 170
109 174
109 175
109 176
109 239
109 242
109 247
109 248
109 254
109 126
109 129
109 343
110 362
110 363
110 364
110 365
110 384
110 385
110 386
110 387
110 344
111 214
111 215
111 216
111 217
111 218
111 219
111 226
111 227
111 228
111 231
111 232
111 234
111 235
111 388
111 391
111 392
111 345
112 231
112 232
112 234
112 367
112 368
112 389
112 346
113 365
113 387
113 391
113 347
113 427
113 428
113 432
113 437
114 392
114 348
114 427
114 429
114 433
114 437
115 180
115 193
115 194
115 195
115 229
115 230
115 359
115 362
115 381
115 384
115 391
115 392
115 349
115 427
115 430
115 434
115 437
116 180
116 193
116 194
116 195
116 229
116 230
116 360
116 363
116 382
116 385
116 391
116 392
116 130
116 133
116 344
117 180
117 193
117 194
117 195
117 229
117 230
117 361
117 364
117 383
117 386
117 391
117 392
117 131
117 134
117 345
118 247
118 261
118 283
118 305
118 327
118 349
118 371
118 132
118 135
118 346
119 247
119 261
119 283
119 305
119 327
119 349
119 371
119 130
119 133
119 347
120 247
120 261
120 283
120 305
120 327
120 349
120 371
120 131
120 134
120 348
121 247
121 261
121 283
121 305
121 327
121 349
121 371
121 132
121 135
122 247
122 261
122 283
122 305
122 327
122 349
122 371
122 350
123 247
123 261
123 283
123 305
123 327
123 349
123 371
123 351
124 263
124 285
124 307
124 329
124 351
124 373
124 391
124 352
125 263
125 285
125 307
125 329
125 351
125 373
125 391
125 353
125 389
125 390
125 394
125 399
126 263
126 285
126 307
126 329
126 351
126 373
126 391
126 354
126 389
126 395
126 399
127 263
127 285
127 307
127 329
127 351
127 373
127 391
127 355
127 389
127 392
127 396
127 399
128 263
128 285
128 307
128 329
128 351
128 373
128 391
128 136
128 139
128 350
129 263
129 285
129 307
129 329
129 351
129 373
129 391
129 137
129 140
130 248
130 262
130 284
130 306
130 328
130 350
130 372
130 138
130 141
130 352
131 248
131 262
131 284
131 306
131 328
131 350
131 372
131 136
131 139
131 353
132 248
132 262
132 284
132 306
132 328
132 350
132 372
132 137
132 140
132 354
133 248
133 262
133 284
133 306
133 328
133 350
133 372
133 138
133 141
133 355
134 248
134 262
134 284
134 306
134 328
134 350
134 372
134 142
134 145
134 356
135 248
135 262
135 284
135 306
135 328
135 350
135 372
135 143
135 146
135 357
136 264
136 286
136 308
136 330
136 352
136 374
136 392
136 144
136 147
136 358
137 264
137 286
137 308
137 330
137 352
137 374
137 392
137 148
137 356
138 264
138 286
138 308
138 330
138 352
138 374
138 392
138 149
138 357
139 264
139 286
139 308
139 330
139 352
139 374
139 392
139 150
139 358
140 264
140 286
140 308
140 330
140 352
140 374
140 392
140 142
140 145
140 359
141 264
141 286
141 308
141 330
141 352
141 374
141 392
141 143
141 146
141 360
142 265
142 287
142 309
142 331
142 353
142 375
142 144
142 147
142 361
143 266
143 288
143 310
143 332
143 354
143 376
143 151
143 359
144 267
144 289
144 311
144 333
144 355
144 377
144 152
144 360
145 265
145 287
145 309
145 331
145 353
145 375
145 153
145 361
146 266
146 288
146 310
146 332
146 354
146 376
147 267
147 289
147 311
147 333
147 355
147 377
147 148
147 177
147 180
147 183
148 237
148 149
148 178
148 181
148 184
149 238
149 150
149 179
149 182
149 185
150 239
150 362
151 181
151 381
151 363
152 182
152 382
152 364
153 183
153 383
153 362
154 394
154 400
154 403
154 184
154 363
155 395
155 401
155 404
155 185
155 364
156 396
156 402
156 405
156 170
156 174
156 365
157 397
157 400
157 403
157 173
157 365
157 366
158 398
158 401
158 404
158 365
158 367
159 399
159 402
159 405
159 160
159 166
159 167
159 368
160 400
160 409
160 161
160 166
160 168
160 369
161 401
161 409
161 162
161 167
161 168
161 370
162 402
162 409
162 163
162 169
162 170
162 173
162 175
162 366
162 367
162 368
162 371
163 403
163 410
163 164
163 169
163 170
163 173
163 175
163 366
163 367
163 369
163 372
164 404
164 410
164 165
164 169
164 170
164 173
164 175
164 366
164 367
164 370
164 373
165 405
165 410
165 180
165 371
166 406
166 409
166 181
166 372
167 407
167 409
167 182
167 373
168 408
168 409
168 374
169 409
169 411
169 422
169 434
169 375
170 410
170 412
170 415
170 416
170 422
170 433
170 376
171 411
171 413
171 374
171 377
172 412
172 413
172 375
172 378
173 413
173 414
173 422
173 376
173 379
174 414
174 416
174 432
174 433
174 374
174 375
174 376
174 377
174 380
175 415
175 422
175 434
175 374
175 375
175 376
175 378
175 381
176 416
176 422
176 434
176 374
176 375
176 376
176 379
176 382
177 177
177 380
178 178
178 381
179 179
179 382
181 209
181 212
181 215
182 210
182 213
182 216
183 211
183 214
183 217
184 400
185 401
186 214
186 220
186 223
186 402
187 215
187 221
187 224
187 400
188 216
188 222
188 225
188 401
189 217
189 220
189 223
189 402
190 218
190 221
190 224
190 202
190 206
190 403
191 219
191 222
191 225
191 205
191 403
191 404
192 193
192 220
192 229
192 403
192 405
193 194
193 221
193 229
193 198
193 199
193 406
194 195
194 222
194 229
194 198
194 200
194 407
195 196
195 223
195 230
195 199
195 200
195 408
196 197
196 224
196 230
196 201
196 202
196 205
196 207
196 404
196 405
196 406
196 409
197 198
197 225
197 230
197 201
197 202
197 205
197 207
197 404
197 405
197 407
197 410
198 226
198 229
198 201
198 202
198 205
198 207
198 404
198 405
198 408
198 411
199 227
199 229
199 212
199 409
200 228
200 229
200 213
200 410
201 229
201 231
201 214
201 411
202 230
202 232
202 235
202 236
202 412
203 231
203 233
203 413
204 232
204 233
204 414
205 233
205 234
205 412
205 415
206 234
206 236
206 413
206 416
207 235
207 414
207 417
208 236
208 412
208 413
208 414
208 415
208 418
209 211
209 412
209 413
209 414
209 416
209 419
210 212
210 412
210 413
210 414
210 417
210 420
211 213
211 418
212 419
213 420
218 240
218 241
218 242
218 243
218 252
218 253
218 254
218 255
219 256
219 263
219 264
220 245
220 246
220 257
221 243
221 255
221 263
222 264
223 237
223 240
223 249
223 252
223 260
223 263
223 264
224 238
224 241
224 250
224 253
224 260
224 263
224 264
225 239
225 242
225 251
225 254
225 260
225 263
225 264
226 252
226 253
226 254
226 255
226 274
226 275
226 276
226 277
227 256
227 261
227 262
227 265
227 266
227 267
228 258
229 255
229 261
229 277
230 262
231 249
231 252
231 259
231 261
231 262
231 274
232 250
232 253
232 259
232 261
232 262
232 275
233 251
233 254
233 259
233 261
233 262
233 276
234 252
234 253
234 254
234 255
234 274
234 275
234 276
234 277
235 278
235 285
235 286
236 257
236 258
236 279
237 255
237 277
237 285
238 286
239 249
239 252
239 271
239 274
239 282
239 285
239 286
240 250
240 253
240 272
240 275
240 282
240 285
240 286
241 251
241 254
241 273
241 276
241 282
241 285
241 286
242 249
242 268
243 250
243 269
244 251
244 270
245 274
245 275
245 277
245 296
245 297
245 298
245 299
246 278
246 283
246 284
246 287
246 288
246 289
247 280
248 277
248 283
248 299
249 284
250 271
250 274
250 281
250 283
250 284
250 296
251 272
251 275
251 281
251 283
251 284
251 297
252 273
252 276
252 281
252 283
252 284
252 298
253 274
253 275
253 276
253 277
253 296
253 297
253 298
253 299
254 300
254 307
254 308
255 279
255 280
255 301
256 277
256 299
256 307
257 308
258 271
258 274
258 293
258 296
258 304
258 307
258 308
259 272
259 275
259 294
259 297
259 304
259 307
259 308
260 273
260 276
260 295
260 298
260 304
260 307
260 308
261 271
261 290
262 272
262 291
263 273
263 292
264 296
264 297
264 298
264 299
264 318
264 319
264 320
264 321
265 300
265 305
265 306
265 309
265 310
265 311
265 461
266 302
266 462
267 299
267 305
267 321
267 463
268 306
268 461
269 293
269 296
269 303
269 305
269 306
269 318
269 462
270 294
270 297
270 303
270 305
270 306
270 319
270 463
271 295
271 298
271 303
271 305
271 306
271 320
272 296
272 297
272 298
272 299
272 318
272 319
272 320
272 321
273 322
273 329
273 330
274 301
274 302
274 323
275 299
275 321
275 329
276 330
277 293
277 296
277 315
277 318
277 326
277 329
277 330
278 294
278 297
278 316
278 319
278 326
278 329
278 330
279 295
279 298
279 317
279 320
279 326
279 329
279 330
280 293
280 312
281 294
281 313
282 295
282 314
283 318
283 319
283 320
283 321
283 340
283 341
283 342
283 343
284 322
284 327
284 328
284 331
284 332
284 333
285 324
286 321
286 327
286 343
287 328
287 464
288 315
288 318
288 325
288 327
288 328
288 340
288 465
289 316
289 319
289 325
289 327
289 328
289 341
289 466
290 317
290 320
290 325
290 327
290 328
290 342
290 464
291 318
291 319
291 320
291 321
291 340
291 341
291 342
291 343
291 465
292 344
292 351
292 352
292 466
293 323
293 324
293 345
294 321
294 343
294 351
295 352
296 315
296 318
296 337
296 340
296 348
296 351
296 352
297 316
297 319
297 338
297 341
297 348
297 351
297 352
298 317
298 320
298 339
298 342
298 348
298 351
298 352
299 315
299 334
300 316
300 335
301 317
301 336
302 340
302 341
302 342
302 343
302 362
302 363
302 364
302 365
303 344
303 349
303 350
303 353
303 354
303 355
304 346
305 343
305 349
305 365
306 350
307 337
307 340
307 347
307 349
307 350
307 362
308 338
308 341
308 347
308 349
308 350
308 363
309 339
309 342
309 347
309 349
309 350
309 364
309 467
310 340
310 341
310 342
310 343
310 362
310 363
310 364
310 365
310 468
311 366
311 373
311 374
311 469
312 345
312 346
312 367
312 467
313 343
313 365
313 373
313 468
314 374
314 469
315 337
315 340
315 359
315 362
315 370
315 373
315 374
316 338
316 341
316 360
316 363
316 370
316 373
316 374
317 339
317 342
317 361
317 364
317 370
317 373
317 374
318 337
318 356
319 338
319 357
320 339
320 358
321 362
321 363
321 364
321 365
321 384
321 385
321 386
321 387
322 366
322 371
322 372
322 375
322 376
322 377
323 368
324 365
324 371
324 387
325 372
326 359
326 362
326 369
326 371
326 372
326 384
327 360
327 363
327 369
327 371
327 372
327 385
328 361
328 364
328 369
328 371
328 372
328 386
329 359
329 378
330 360
330 379
331 361
331 380
331 470
332 471
333 472
334 470
335 471
336 472
353 473
354 474
355 475
356 473
357 474
358 475
375 476
376 477
377 478
378 476
379 477
380 478
383 417
383 423
384 418
384 423
385 419
385 423
386 420
386 421
387 421
387 422
388 422
388 423
389 424
389 435
390 425
390 435
391 426
391 435
392 427
392 435
393 428
393 429
393 430
393 431
394 429
394 435
395 430
395 435
396 431
396 435
397 432
397 434
398 433
398 434
399 434
399 435
421 460
421 466
422 461
422 466
423 462
423 466
424 463
424 464
425 464
425 465
426 465
426 466
427 467
427 478
428 468
428 478
429 469
429 478
430 470
430 478
431 471
431 472
431 473
431 474
432 472
432 478
433 473
433 478
434 474
434 478
435 475
435 477
436 476
436 477
437 477
437 478
437 438
438 443
438 446
438 439
439 444
439 447
439 440
440 445
440 448
440 441
441 443
441 446
441 442
442 444
442 447
442 443
443 445
443 448
443 444
444 452
444 445
445 452
445 446
446 452
446 447
447 453
447 448
448 453
448 449
449 453
449 450
450 452
450 451
451 452
452 452
452 453
453 454
453 465
453 477
454 455
454 458
454 459
454 465
454 476
455 456
456 456
456 457
457 457
457 465
457 458
458 459
458 475
458 476
459 465
459 477
459 460
460 465
460 477
