0 24
0 30
0 82
1 25
1 30
1 17
2 26
2 30
2 18
3 27
3 28
3 19
4 28
4 29
4 20
5 29
5 30
5 21
6 31
6 42
6 22
7 32
7 42
7 17
7 20
7 23
8 33
8 42
8 18
8 21
8 24
9 34
9 42
9 19
9 22
9 25
10 35
10 36
10 37
10 38
10 52
10 17
10 20
10 26
11 36
11 42
11 18
11 21
11 27
12 37
12 42
12 19
12 22
12 28
13 38
13 42
13 29
14 39
14 41
14 30
15 40
15 41
15 31
16 41
16 42
16 23
16 24
16 25
16 29
16 30
16 31
16 32
16 82
17 26
17 27
17 28
17 33
17 82
18 32
18 34
19 33
19 35
20 34
20 35
20 36
21 36
21 37
22 33
22 38
23 33
23 37
23 39
25 49
29 32
29 33
29 36
29 38
29 39
30 80
30 82
32 41
33 40
34 82
37 39
37 40
38 41
39 41
40 67
40 73
41 68
41 73
42 69
42 73
42 81
42 82
43 70
43 71
43 85
44 71
44 72
44 57
45 72
45 73
45 58
46 74
46 85
46 59
47 75
47 85
47 60
48 76
48 85
48 61
49 77
49 85
49 62
50 78
50 79
50 80
50 81
50 57
50 60
50 63
51 79
51 85
51 58
51 61
51 64
52 80
52 85
52 59
52 62
52 65
53 81
53 85
53 57
53 60
53 66
54 82
54 84
54 58
54 61
54 67
55 83
55 84
55 59
55 62
55 68
56 84
56 85
56 69
57 70
58 71
59 63
59 64
59 65
59 69
59 70
59 71
59 72
59 85
60 66
60 67
60 68
60 73
60 85
61 72
61 74
62 73
62 75
63 74
63 75
63 76
64 76
64 77
65 73
65 78
66 73
66 77
66 79
72 72
72 84
72 73
72 76
72 78
72 79
73 82
73 83
73 85
77 82
77 83
77 85
78 84
79 84
80 92
82 91
83 350
84 85
85 85
85 346
85 349
86 347
86 348
86 349
86 350
86 99
86 107
86 115
86 118
87 351
87 378
87 379
87 380
87 904
87 905
87 906
87 907
87 908
87 909
87 916
87 917
87 918
87 921
87 922
87 924
87 925
87 927
87 928
87 929
87 930
87 938
87 939
87 940
87 941
87 942
87 100
87 108
87 116
87 119
88 353
88 384
88 385
88 386
88 921
88 922
88 924
88 934
88 101
88 109
88 117
88 120
89 350
89 933
89 94
89 99
89 102
89 107
89 110
89 115
90 945
90 94
90 100
90 102
90 108
90 110
90 116
91 344
91 347
91 354
91 355
91 356
91 360
91 361
91 362
91 903
91 919
91 920
91 933
91 935
91 945
91 94
91 101
91 102
91 109
91 110
91 117
92 345
92 348
92 354
92 355
92 356
92 360
92 361
92 362
92 903
92 919
92 920
92 933
92 936
92 945
92 94
92 97
92 102
92 105
92 110
92 113
93 346
93 349
93 354
93 355
93 356
93 360
93 361
93 362
93 903
93 919
93 920
93 933
93 937
93 945
93 95
93 103
94 96
94 112
95 431
95 432
95 433
95 434
95 435
95 436
95 443
95 444
95 445
95 448
95 449
95 451
95 452
95 454
95 455
95 456
95 457
95 465
95 466
95 467
95 468
95 469
95 104
95 112
96 448
96 449
96 451
96 461
96 107
96 108
96 109
96 130
97 460
97 107
97 108
97 109
97 131
98 472
98 107
98 108
98 109
98 132
99 111
99 112
99 113
99 430
99 446
99 447
99 460
99 462
99 472
99 130
99 133
100 111
100 112
100 113
100 430
100 446
100 447
100 460
100 463
100 472
100 131
100 134
101 111
101 112
101 113
101 430
101 446
101 447
101 460
101 464
101 472
101 132
101 135
102 132
102 133
102 134
102 135
102 107
102 108
102 109
102 130
102 131
102 136
103 120
103 121
103 122
103 388
103 389
103 390
103 391
103 392
103 393
103 400
103 401
103 402
103 405
103 406
103 408
103 409
103 411
103 412
103 413
103 414
103 422
103 423
103 424
103 425
103 426
103 107
103 108
103 109
103 130
103 131
103 132
103 134
103 137
104 126
104 127
104 128
104 405
104 406
104 408
104 418
104 107
104 108
104 109
104 130
104 131
104 132
104 135
104 138
105 135
105 417
105 121
105 136
106 429
106 122
106 137
107 132
107 387
107 403
107 404
107 417
107 419
107 429
107 123
107 138
108 133
108 387
108 403
108 404
108 417
108 420
108 429
108 139
108 224
108 228
109 134
109 387
109 403
109 404
109 417
109 421
109 429
109 139
109 140
109 227
110 132
110 133
110 134
110 135
110 139
110 141
111 136
111 517
111 518
111 519
111 520
111 521
111 522
111 529
111 530
111 531
111 535
111 537
111 538
111 540
111 541
111 542
111 543
111 551
111 552
111 553
111 554
111 555
111 142
111 214
111 220
111 221
112 137
112 534
112 535
112 537
112 547
112 143
112 215
112 220
112 222
113 135
113 546
113 144
113 216
113 221
113 222
114 558
114 140
114 141
114 142
114 145
114 217
114 223
114 224
114 227
114 229
115 129
115 132
115 154
115 155
115 156
115 516
115 532
115 533
115 546
115 548
115 558
115 140
115 141
115 143
115 146
115 218
115 223
115 224
115 227
115 229
116 130
116 133
116 154
116 155
116 156
116 516
116 532
116 533
116 546
116 549
116 558
116 140
116 141
116 144
116 147
116 219
116 223
116 224
116 227
116 229
117 131
117 134
117 154
117 155
117 156
117 516
117 532
117 533
117 546
117 550
117 558
117 124
117 145
118 126
118 125
118 146
119 127
119 126
119 147
120 128
120 148
121 126
121 149
122 127
122 150
123 128
123 127
123 148
124 126
124 128
124 149
125 127
125 129
125 150
126 128
126 127
127 128
128 129
129 236
129 244
129 247
130 237
130 245
130 248
131 238
131 246
131 249
132 231
132 236
132 239
132 244
133 231
133 237
133 239
133 245
134 231
134 238
134 239
134 246
135 231
135 234
135 239
135 242
136 232
137 241
138 233
138 241
139 236
139 237
139 238
139 259
140 236
140 237
140 238
140 260
141 236
141 237
141 238
141 261
142 259
142 262
143 260
143 263
144 261
144 264
145 236
145 237
145 238
145 259
145 260
145 261
145 262
145 265
146 236
146 237
146 238
146 259
146 260
146 261
146 263
146 266
147 236
147 237
147 238
147 259
147 260
147 261
147 264
147 267
148 250
148 265
149 251
149 266
150 252
150 267
151 411
151 417
151 268
151 353
151 357
152 412
152 417
152 268
152 269
152 356
153 413
153 417
153 268
153 270
154 414
154 415
154 271
154 343
154 349
154 350
155 415
155 416
155 272
155 344
155 349
155 351
156 416
156 417
156 273
156 345
156 350
156 351
157 454
157 460
157 269
157 270
157 271
157 274
157 346
157 352
157 353
157 356
157 358
158 455
158 460
158 269
158 270
158 272
158 275
158 347
158 352
158 353
158 356
158 358
159 456
159 460
159 269
159 270
159 273
159 276
159 348
159 352
159 353
159 356
159 358
160 457
160 458
160 253
160 274
161 458
161 459
161 254
161 275
162 459
162 460
162 255
162 276
163 418
163 429
163 232
163 277
164 419
164 429
164 232
164 278
165 420
165 429
165 232
165 279
166 421
166 429
166 256
166 277
167 422
167 423
167 424
167 425
167 257
167 278
168 423
168 429
168 258
168 279
169 424
169 429
169 233
169 247
169 250
169 253
169 256
170 425
170 429
170 233
170 248
170 251
170 254
170 257
171 426
171 428
171 233
171 249
171 252
171 255
171 258
172 427
172 428
172 244
172 365
172 373
172 376
173 428
173 429
173 245
173 366
173 374
173 377
174 461
174 472
174 246
174 367
174 375
174 378
175 462
175 472
175 231
175 236
175 239
175 244
175 360
175 365
175 368
175 373
176 463
176 472
176 231
176 237
176 239
176 245
176 360
176 366
176 368
176 374
177 464
177 472
177 231
177 238
177 239
177 246
177 360
177 367
177 368
177 375
178 465
178 466
178 467
178 468
178 231
178 234
178 239
178 242
178 360
178 363
178 368
178 371
179 466
179 472
179 240
179 361
180 467
180 472
180 241
180 370
181 468
181 472
181 362
181 370
182 469
182 471
182 365
182 366
182 367
182 388
183 470
183 471
183 365
183 366
183 367
183 389
184 471
184 472
184 365
184 366
184 367
184 390
185 388
185 394
185 397
185 391
186 389
186 395
186 398
186 392
187 390
187 396
187 399
187 393
188 391
188 394
188 397
188 365
188 366
188 367
188 388
188 389
188 390
189 392
189 395
189 398
189 365
189 366
189 367
189 388
189 389
189 390
190 393
190 396
190 399
190 365
190 366
190 367
190 388
190 389
190 390
191 394
191 403
191 379
192 395
192 403
192 380
193 396
193 403
193 381
194 397
194 404
194 482
194 486
195 398
195 404
195 397
195 485
196 399
196 404
196 397
197 400
197 403
197 244
197 245
197 246
197 472
197 478
197 479
198 401
198 403
198 244
198 245
198 246
198 473
198 478
198 480
199 402
199 403
199 244
199 245
199 246
199 474
199 479
199 480
200 403
200 405
200 416
200 428
200 398
200 399
200 400
200 475
200 481
200 482
200 485
200 487
201 404
201 406
201 409
201 410
201 416
201 427
201 398
201 399
201 401
201 476
201 481
201 482
201 485
201 487
202 405
202 407
202 398
202 399
202 402
202 477
202 481
202 482
202 485
202 487
203 406
203 407
203 382
203 403
204 407
204 408
204 416
204 383
204 404
205 408
205 410
205 426
205 427
205 384
205 405
206 409
206 416
206 428
206 361
206 406
207 410
207 416
207 428
207 361
207 407
208 431
208 437
208 440
208 361
208 408
209 432
209 438
209 441
209 385
209 406
210 433
210 439
210 442
210 386
210 407
211 434
211 437
211 440
211 387
211 408
212 435
212 438
212 441
212 362
212 376
212 379
212 382
212 385
213 436
213 439
213 442
213 362
213 377
213 380
213 383
213 386
214 437
214 446
214 362
214 378
214 381
214 384
214 387
215 438
215 446
215 373
215 494
215 502
215 505
216 439
216 446
216 374
216 495
216 503
216 506
217 440
217 447
217 375
217 496
217 504
217 507
218 441
218 447
218 360
218 365
218 368
218 373
218 489
218 494
218 497
218 502
219 442
219 447
219 360
219 366
219 368
219 374
219 489
219 495
219 497
219 503
220 443
220 446
220 360
220 367
220 368
220 375
220 489
220 496
220 497
220 504
221 444
221 446
221 360
221 363
221 368
221 371
221 489
221 492
221 497
221 500
222 445
222 446
222 369
222 490
223 446
223 448
223 459
223 471
223 370
223 499
224 447
224 449
224 452
224 453
224 459
224 470
224 491
224 499
225 448
225 450
225 494
225 495
225 496
225 517
226 449
226 450
226 494
226 495
226 496
226 518
227 450
227 451
227 459
227 494
227 495
227 496
227 519
228 451
228 453
228 469
228 470
228 517
228 520
229 452
229 459
229 471
229 518
229 521
230 453
230 459
230 471
230 519
230 522
231 494
231 495
231 496
231 517
231 518
231 519
231 520
231 523
232 474
232 475
232 476
232 477
232 478
232 479
232 486
232 487
232 488
232 491
232 492
232 494
232 495
232 497
232 498
232 499
232 500
232 508
232 509
232 510
232 511
232 512
232 496
232 517
232 518
232 519
232 521
232 524
233 491
233 492
233 494
233 504
233 495
233 496
233 517
233 518
233 519
233 522
233 525
234 503
234 508
234 523
235 515
235 509
235 524
236 473
236 489
236 490
236 503
236 505
236 515
236 510
236 525
237 473
237 489
237 490
237 503
237 506
237 515
237 526
237 611
237 615
238 473
238 489
238 490
238 503
238 507
238 515
238 526
238 527
238 614
239 526
239 528
240 603
240 604
240 605
240 606
240 607
240 608
240 615
240 616
240 617
240 620
240 621
240 623
240 624
240 626
240 627
240 628
240 629
240 637
240 638
240 639
240 640
240 641
240 373
240 374
240 375
240 529
240 601
241 620
241 621
241 623
241 633
241 373
241 374
241 375
241 530
241 602
241 607
241 609
242 632
242 373
242 374
242 375
242 531
242 603
242 608
242 609
243 644
243 527
243 528
243 529
243 532
243 604
243 610
243 611
243 614
243 616
244 602
244 618
244 619
244 632
244 634
244 644
244 527
244 528
244 530
244 533
244 605
244 610
244 611
244 614
244 616
245 602
245 618
245 619
245 632
245 635
245 644
245 527
245 528
245 531
245 534
245 606
245 610
245 611
245 614
245 616
246 602
246 618
246 619
246 632
246 636
246 644
246 511
246 532
247 512
247 533
248 513
248 534
249 490
249 535
250 490
250 536
251 490
251 537
252 514
252 535
253 515
253 536
254 516
254 537
255 491
255 505
255 508
255 511
255 514
256 491
256 506
256 509
256 512
256 515
257 491
257 507
257 510
257 513
257 516
258 502
258 623
258 631
258 634
259 503
259 624
259 632
259 635
260 504
260 625
260 633
260 636
261 489
261 494
261 497
261 502
261 618
261 623
261 626
261 631
262 489
262 495
262 497
262 503
262 618
262 624
262 626
262 632
263 489
263 496
263 497
263 504
263 618
263 625
263 626
263 633
264 489
264 492
264 497
264 618
264 621
264 626
264 629
265 498
265 619
266 499
266 628
267 620
267 628
268 623
268 624
268 625
268 646
269 623
269 624
269 625
269 647
270 623
270 624
270 625
270 648
271 646
271 649
272 647
272 650
273 648
273 651
274 623
274 624
274 625
274 646
274 647
274 648
274 649
274 652
275 623
275 624
275 625
275 646
275 647
275 648
275 650
275 653
276 623
276 624
276 625
276 646
276 647
276 648
276 651
276 654
277 637
277 652
278 638
278 653
279 639
279 654
280 497
280 503
280 655
280 740
280 744
281 498
281 503
281 655
281 656
281 743
282 499
282 503
282 655
282 657
283 500
283 501
283 502
283 503
283 504
283 658
283 730
283 736
283 737
284 501
284 502
284 503
284 504
284 659
284 731
284 736
284 738
285 502
285 503
285 504
285 660
285 732
285 737
285 738
286 540
286 546
286 656
286 657
286 658
286 661
286 733
286 739
286 740
286 743
286 745
287 541
287 546
287 656
287 657
287 659
287 662
287 734
287 739
287 740
287 743
287 745
288 542
288 546
288 656
288 657
288 660
288 663
288 735
288 739
288 740
288 743
288 745
289 543
289 544
289 640
289 661
290 544
290 545
290 641
290 662
291 545
291 546
291 642
291 663
292 504
292 515
292 619
292 664
293 505
293 515
293 619
293 665
294 506
294 515
294 619
294 666
295 507
295 515
295 643
295 664
296 508
296 509
296 510
296 511
296 644
296 665
297 509
297 515
297 645
297 666
298 510
298 515
298 620
298 634
298 637
298 640
298 643
299 511
299 515
299 620
299 635
299 638
299 641
299 644
300 512
300 514
300 620
300 636
300 639
300 642
300 645
301 513
301 514
301 631
301 752
301 760
301 763
302 514
302 515
302 632
302 753
302 761
302 764
303 547
303 558
303 633
303 754
303 762
303 765
304 548
304 558
304 618
304 623
304 626
304 631
304 747
304 752
304 755
304 760
305 549
305 558
305 618
305 624
305 626
305 632
305 747
305 753
305 755
305 761
306 550
306 558
306 618
306 625
306 626
306 633
306 747
306 754
306 755
306 762
307 551
307 552
307 553
307 554
307 618
307 621
307 626
307 629
307 747
307 750
307 755
307 758
308 552
308 558
308 627
308 748
309 553
309 558
309 628
309 757
310 554
310 558
310 749
310 757
311 555
311 557
311 752
311 753
311 754
311 775
312 556
312 557
312 752
312 753
312 754
312 776
313 557
313 558
313 752
313 753
313 754
313 777
314 474
314 480
314 483
314 775
314 778
315 475
315 481
315 484
315 776
315 779
316 476
316 482
316 485
316 777
316 780
317 477
317 480
317 483
317 752
317 753
317 754
317 775
317 776
317 777
317 778
317 781
318 478
318 481
318 484
318 752
318 753
318 754
318 775
318 776
318 777
318 779
318 782
319 479
319 482
319 485
319 752
319 753
319 754
319 775
319 776
319 777
319 780
319 783
320 480
320 489
320 766
320 781
321 481
321 489
321 767
321 782
322 482
322 489
322 768
322 783
323 483
323 490
323 784
323 869
323 873
324 484
324 490
324 784
324 785
324 872
325 485
325 490
325 784
325 786
326 486
326 489
326 631
326 632
326 633
326 787
326 859
326 865
326 866
327 487
327 489
327 631
327 632
327 633
327 788
327 860
327 865
327 867
328 488
328 489
328 631
328 632
328 633
328 789
328 861
328 866
328 867
329 489
329 491
329 502
329 514
329 785
329 786
329 787
329 790
329 862
329 868
329 869
329 872
329 874
330 490
330 492
330 495
330 496
330 502
330 513
330 785
330 786
330 788
330 791
330 863
330 868
330 869
330 872
330 874
331 491
331 493
331 785
331 786
331 789
331 792
331 864
331 868
331 869
331 872
331 874
332 492
332 493
332 769
332 790
333 493
333 494
333 502
333 770
333 791
334 494
334 496
334 512
334 513
334 771
334 792
335 495
335 502
335 514
335 748
335 793
336 496
336 502
336 514
336 748
336 794
337 517
337 523
337 526
337 748
337 795
338 518
338 524
338 527
338 772
338 793
339 519
339 525
339 528
339 773
339 794
340 520
340 523
340 526
340 774
340 795
341 521
341 524
341 527
341 749
341 763
341 766
341 769
341 772
342 522
342 525
342 528
342 749
342 764
342 767
342 770
342 773
343 523
343 532
343 749
343 765
343 768
343 771
343 774
344 524
344 532
344 760
344 876
345 525
345 532
345 761
345 877
346 526
346 533
346 762
346 878
347 527
347 533
347 747
347 752
347 755
347 760
348 528
348 533
348 747
348 753
348 755
348 761
349 529
349 532
349 747
349 754
349 755
349 762
350 530
350 532
350 747
350 750
350 755
350 758
351 531
351 532
351 756
352 532
352 534
352 545
352 557
352 757
353 533
353 535
353 538
353 539
353 545
353 556
354 534
354 536
354 888
355 535
355 536
355 889
356 536
356 537
356 545
356 890
357 537
357 539
357 555
357 556
357 888
357 891
358 538
358 545
358 557
358 889
358 892
359 539
359 545
359 557
359 890
359 893
360 888
360 889
360 890
360 891
360 894
361 560
361 561
361 562
361 563
361 564
361 565
361 572
361 573
361 574
361 577
361 578
361 580
361 581
361 583
361 584
361 585
361 586
361 594
361 595
361 596
361 597
361 598
361 888
361 889
361 890
361 892
361 895
362 577
362 578
362 580
362 590
362 888
362 889
362 890
362 893
362 896
363 589
363 879
363 894
364 601
364 880
364 895
365 559
365 575
365 576
365 589
365 591
365 601
365 881
365 896
366 559
366 575
366 576
366 589
366 592
366 601
366 897
366 982
366 986
367 559
367 575
367 576
367 589
367 593
367 601
367 897
367 898
367 985
368 897
368 899
369 689
369 690
369 691
369 692
369 693
369 694
369 701
369 702
369 703
369 706
369 707
369 709
369 710
369 712
369 713
369 714
369 715
369 723
369 724
369 725
369 726
369 727
369 760
369 761
369 762
369 900
369 972
369 978
369 979
370 706
370 707
370 709
370 719
370 760
370 761
370 762
370 901
370 973
370 978
370 980
371 718
371 760
371 761
371 762
371 902
371 974
371 979
371 980
372 730
372 898
372 899
372 900
372 903
372 975
372 981
372 982
372 985
372 987
373 688
373 704
373 705
373 718
373 720
373 730
373 898
373 899
373 901
373 904
373 976
373 981
373 982
373 985
373 987
374 688
374 704
374 705
374 718
374 721
374 730
374 898
374 899
374 902
374 905
374 977
374 981
374 982
374 985
374 987
375 688
375 704
375 705
375 718
375 722
375 730
375 882
375 903
376 883
376 904
377 884
377 905
378 906
379 907
380 908
381 885
381 906
382 886
382 907
383 887
383 908
384 876
384 879
384 882
384 885
385 877
385 880
385 883
385 886
386 878
386 881
386 884
386 887
409 583
409 589
410 584
410 589
411 585
411 589
412 586
412 587
413 587
413 588
414 588
414 589
415 626
415 632
416 627
416 632
417 628
417 632
418 629
418 630
419 630
419 631
420 631
420 632
421 590
421 601
422 591
422 601
423 592
423 601
424 593
424 601
425 594
425 595
425 596
425 597
426 595
426 601
427 596
427 601
428 597
428 601
429 598
429 600
430 599
430 600
431 600
431 601
432 633
432 644
433 634
433 644
434 635
434 644
435 636
435 644
436 637
436 638
436 639
436 640
437 638
437 644
438 639
438 644
439 640
439 644
440 641
440 643
441 642
441 643
442 643
442 644
443 560
443 566
443 569
444 561
444 567
444 570
445 562
445 568
445 571
446 563
446 566
446 569
447 564
447 567
447 570
448 565
448 568
448 571
449 566
449 575
450 567
450 575
451 568
451 575
452 569
452 576
453 570
453 576
454 571
454 576
455 572
455 575
456 573
456 575
457 574
457 575
458 575
458 577
458 588
458 600
459 576
459 578
459 581
459 582
459 588
459 599
460 577
460 579
461 578
461 579
462 579
462 580
462 588
463 580
463 582
463 598
463 599
464 581
464 588
464 600
465 582
465 588
465 600
466 603
466 609
466 612
467 604
467 610
467 613
468 605
468 611
468 614
469 606
469 609
469 612
470 607
470 610
470 613
471 608
471 611
471 614
472 609
472 618
473 610
473 618
474 611
474 618
475 612
475 619
476 613
476 619
477 614
477 619
478 615
478 618
479 616
479 618
480 617
480 618
481 618
481 620
481 631
481 643
482 619
482 621
482 624
482 625
482 631
482 642
483 620
483 622
484 621
484 622
485 622
485 623
485 631
486 623
486 625
486 641
486 642
487 624
487 631
487 643
488 625
488 631
488 643
490 646
490 647
490 648
490 649
490 650
490 651
490 658
490 659
490 660
490 663
490 664
490 666
490 667
490 669
490 670
490 671
490 672
490 680
490 681
490 682
490 683
490 684
491 663
491 664
491 666
491 676
492 675
493 687
494 645
494 661
494 662
494 675
494 677
494 687
495 645
495 661
495 662
495 675
495 678
495 687
496 645
496 661
496 662
496 675
496 679
496 687
498 775
498 776
498 777
498 778
498 779
498 780
498 787
498 788
498 789
498 792
498 793
498 795
498 796
498 798
498 799
498 800
498 801
498 809
498 810
498 811
498 812
498 813
499 792
499 793
499 795
499 805
500 804
501 816
502 774
502 790
502 791
502 804
502 806
502 816
503 774
503 790
503 791
503 804
503 807
503 816
504 774
504 790
504 791
504 804
504 808
504 816
538 669
538 675
539 670
539 675
540 671
540 675
541 672
541 673
542 673
542 674
543 674
543 675
544 712
544 718
545 713
545 718
546 714
546 718
547 715
547 716
548 716
548 717
549 717
549 718
550 676
550 687
551 677
551 687
552 678
552 687
553 679
553 687
554 680
554 681
554 682
554 683
555 681
555 687
556 682
556 687
557 683
557 687
558 684
558 686
559 685
559 686
560 686
560 687
561 719
561 730
562 720
562 730
563 721
563 730
564 722
564 730
565 723
565 724
565 725
565 726
566 724
566 730
567 725
567 730
568 726
568 730
569 727
569 729
570 728
570 729
571 729
571 730
572 646
572 652
572 655
573 647
573 653
573 656
574 648
574 654
574 657
575 649
575 652
575 655
576 650
576 653
576 656
577 651
577 654
577 657
578 652
578 661
579 653
579 661
580 654
580 661
581 655
581 662
582 656
582 662
583 657
583 662
584 658
584 661
585 659
585 661
586 660
586 661
587 661
587 663
587 674
587 686
588 662
588 664
588 667
588 668
588 674
588 685
589 663
589 665
590 664
590 665
591 665
591 666
591 674
592 666
592 668
592 684
592 685
593 667
593 674
593 686
594 668
594 674
594 686
595 689
595 695
595 698
596 690
596 696
596 699
597 691
597 697
597 700
598 692
598 695
598 698
599 693
599 696
599 699
600 694
600 697
600 700
601 695
601 704
602 696
602 704
603 697
603 704
604 698
604 705
605 699
605 705
606 700
606 705
607 701
607 704
608 702
608 704
609 703
609 704
610 704
610 706
610 717
610 729
611 705
611 707
611 710
611 711
611 717
611 728
612 706
612 708
613 707
613 708
614 708
614 709
614 717
615 709
615 711
615 727
615 728
616 710
616 717
616 729
617 711
617 717
617 729
619 732
619 733
619 734
619 735
619 736
619 737
619 744
619 745
619 746
619 749
619 750
619 752
619 753
619 755
619 756
619 757
619 758
619 766
619 767
619 768
619 769
619 770
620 749
620 750
620 752
620 762
621 761
622 773
623 731
623 747
623 748
623 761
623 763
623 773
624 731
624 747
624 748
624 761
624 764
624 773
625 731
625 747
625 748
625 761
625 765
625 773
627 861
627 862
627 863
627 864
627 865
627 866
627 873
627 874
627 875
627 878
627 879
627 881
627 882
627 884
627 885
627 886
627 887
627 895
627 896
627 897
627 898
627 899
628 878
628 879
628 881
628 891
629 890
630 902
631 860
631 876
631 877
631 890
631 892
631 902
632 860
632 876
632 877
632 890
632 893
632 902
633 860
633 876
633 877
633 890
633 894
633 902
667 755
667 761
668 756
668 761
669 757
669 761
670 758
670 759
671 759
671 760
672 760
672 761
673 798
673 804
674 799
674 804
675 800
675 804
676 801
676 802
677 802
677 803
678 803
678 804
679 762
679 773
680 763
680 773
681 764
681 773
682 765
682 773
683 766
683 767
683 768
683 769
684 767
684 773
685 768
685 773
686 769
686 773
687 770
687 772
688 771
688 772
689 772
689 773
690 805
690 816
691 806
691 816
692 807
692 816
693 808
693 816
694 809
694 810
694 811
694 812
695 810
695 816
696 811
696 816
697 812
697 816
698 813
698 815
699 814
699 815
700 815
700 816
701 732
701 738
701 741
702 733
702 739
702 742
703 734
703 740
703 743
704 735
704 738
704 741
705 736
705 739
705 742
706 737
706 740
706 743
707 738
707 747
708 739
708 747
709 740
709 747
710 741
710 748
711 742
711 748
712 743
712 748
713 744
713 747
714 745
714 747
715 746
715 747
716 747
716 749
716 760
716 772
717 748
717 750
717 753
717 754
717 760
717 771
718 749
718 751
719 750
719 751
720 751
720 752
720 760
721 752
721 754
721 770
721 771
722 753
722 760
722 772
723 754
723 760
723 772
724 775
724 781
724 784
725 776
725 782
725 785
726 777
726 783
726 786
727 778
727 781
727 784
728 779
728 782
728 785
729 780
729 783
729 786
730 781
730 790
731 782
731 790
732 783
732 790
733 784
733 791
734 785
734 791
735 786
735 791
736 787
736 790
737 788
737 790
738 789
738 790
739 790
739 792
739 803
739 815
740 791
740 793
740 796
740 797
740 803
740 814
741 792
741 794
742 793
742 794
743 794
743 795
743 803
744 795
744 797
744 813
744 814
745 796
745 803
745 815
746 797
746 803
746 815
748 818
748 819
748 820
748 821
748 822
748 823
748 830
748 831
748 835
748 836
748 838
748 839
748 841
748 842
748 843
748 844
748 852
748 853
748 854
748 855
748 856
749 835
749 836
749 838
749 848
750 847
751 859
752 817
752 833
752 834
752 847
752 849
752 859
753 817
753 833
753 834
753 847
753 850
753 859
754 817
754 833
754 834
754 847
754 851
754 859
756 947
756 948
756 949
756 950
756 951
756 952
756 959
756 960
756 961
756 964
756 965
756 967
756 968
756 970
756 971
756 972
756 973
756 981
756 982
756 983
756 984
756 985
757 964
757 965
757 967
757 977
758 976
759 988
760 946
760 962
760 963
760 976
760 978
760 988
761 946
761 962
761 963
761 976
761 979
761 988
762 946
762 962
762 963
762 976
762 980
762 988
796 841
796 847
797 842
797 847
798 843
798 847
799 844
799 845
800 845
800 846
801 846
801 847
802 884
802 890
803 885
803 890
804 886
804 890
805 887
805 888
806 888
806 889
807 889
807 890
808 848
808 859
809 849
809 859
810 850
810 859
811 851
811 859
812 852
812 853
812 854
812 855
813 853
813 859
814 854
814 859
815 855
815 859
816 856
816 858
817 857
817 858
818 858
818 859
818 830
819 891
819 902
819 831
820 892
820 902
820 832
821 893
821 902
821 833
822 894
822 902
822 834
823 895
823 896
823 897
823 898
823 835
824 896
824 902
824 830
824 833
824 836
825 897
825 902
825 831
825 834
825 837
826 898
826 902
826 832
826 835
826 838
827 899
827 901
827 830
827 833
827 839
828 900
828 901
828 831
828 834
828 840
829 901
829 902
829 832
829 835
829 841
830 842
831 843
832 844
833 836
833 837
833 838
833 842
833 843
833 844
833 845
834 839
834 840
834 841
834 846
835 845
835 847
836 846
836 848
837 847
837 848
837 849
838 849
838 850
839 846
839 851
840 846
840 850
840 852
845 846
845 858
846 846
846 857
846 849
846 851
846 852
850 856
850 857
851 858
852 858
853 861
853 867
853 870
854 862
854 868
854 871
855 863
855 869
855 872
856 864
856 867
856 870
857 865
857 868
857 871
858 866
858 869
858 872
859 867
859 876
860 868
860 876
861 869
861 876
862 870
862 877
863 871
863 877
864 872
864 877
865 873
865 876
866 874
866 876
867 875
867 876
868 876
868 878
868 889
868 901
869 877
869 879
869 882
869 883
869 889
869 900
870 878
870 880
871 879
871 880
872 880
872 881
872 889
873 881
873 883
873 899
873 900
874 882
874 889
874 901
875 883
875 889
875 901
904 943
905 944
906 945
907 946
908 947
909 927
909 933
909 948
910 928
910 933
910 943
910 946
910 949
911 929
911 933
911 944
911 947
911 950
912 930
912 931
912 945
912 948
912 951
913 931
913 932
913 943
913 946
913 952
914 932
914 933
914 944
914 947
914 953
915 970
915 976
915 945
915 948
915 954
916 971
916 976
916 955
917 972
917 976
917 956
918 973
918 974
918 957
919 974
919 975
919 949
919 950
919 951
919 955
919 956
919 957
919 958
920 975
920 976
920 952
920 953
920 954
920 959
921 934
921 945
921 958
921 960
922 935
922 945
922 959
922 961
923 936
923 945
923 960
923 961
923 962
924 937
924 945
924 962
924 963
925 938
925 939
925 940
925 941
925 959
925 964
926 939
926 945
926 959
926 963
926 965
927 940
927 945
928 941
928 945
929 942
929 944
930 943
930 944
931 944
931 945
932 977
932 988
932 958
932 959
932 962
932 964
932 965
933 978
933 988
934 979
934 988
935 980
935 988
936 981
936 982
936 983
936 984
937 982
937 988
938 983
938 988
939 984
939 988
940 985
940 987
941 986
941 987
942 987
942 988
942 963
943 959
943 963
944 958
944 964
944 965
947 966
948 967
949 968
950 969
951 970
952 971
953 966
953 969
953 972
954 967
954 970
954 973
955 968
955 971
955 974
956 966
956 969
956 975
957 967
957 970
957 976
958 968
958 971
958 977
959 978
960 979
961 980
962 972
962 973
962 974
962 978
962 979
962 980
962 981
963 975
963 976
963 977
963 982
964 981
964 983
965 982
965 984
966 983
966 984
966 985
967 985
967 986
968 982
968 987
969 982
969 986
969 988
975 981
975 982
975 985
975 987
975 988
981 987
982 986
985 986
986 986
987 987
987 988
